#lab INRiM
#hv keithley6487
#s CNTArO2Etching_N1new_B
#t 2.7
#d 0.5
#N 20
#dbm 2
#
#Voltage	Current	SD
#V	pA	pA
90.000000	-0.080239	0.046269
90.250000	-0.072854	0.049763
90.500000	-0.067119	0.061561
90.750000	-0.071455	0.055269
91.000000	-0.052752	0.064049
91.250000	-0.060422	0.060152
91.500000	-0.057099	0.044989
91.750000	-0.043806	0.062588
92.000000	-0.039297	0.055057
92.250000	-0.037696	0.062281
92.500000	-0.044130	0.059074
92.750000	-0.032033	0.052655
93.000000	-0.035751	0.061375
93.250000	-0.042448	0.059638
93.500000	-0.030837	0.060768
93.750000	-0.031739	0.056812
94.000000	-0.050574	0.068059
94.250000	-0.041050	0.060726
94.500000	-0.029338	0.056955
94.750000	-0.033046	0.065072
95.000000	-0.049824	0.046962
95.250000	-0.032762	0.055953
95.500000	-0.023451	0.066632
95.750000	-0.032722	0.055891
96.000000	-0.020097	0.067590
96.250000	-0.029480	0.057556
96.500000	-0.028993	0.070901
96.750000	-0.015872	0.069699
97.000000	-0.033106	0.069854
97.250000	-0.029460	0.052094
97.500000	-0.024414	0.067848
97.750000	-0.034444	0.061578
98.000000	-0.040320	0.063434
98.250000	-0.031151	0.051216
98.500000	-0.036055	0.049973
98.750000	-0.037716	0.064696
99.000000	-0.056136	0.057448
99.250000	-0.044799	0.043170
99.500000	-0.041141	0.066767
99.750000	-0.034788	0.057003
100.000000	-0.023573	0.059622
100.250000	-0.018050	0.071434
100.500000	-0.025619	0.059055
100.750000	-0.001110	0.060461
101.000000	-0.004180	0.062721
101.250000	-0.000280	0.053470
101.500000	-0.002721	0.060698
101.750000	-0.008030	0.064714
102.000000	-0.009348	0.065650
102.250000	-0.010006	0.064423
102.500000	-0.008719	0.067959
102.750000	-0.011567	0.052326
103.000000	-0.011881	0.057692
103.250000	0.001342	0.075471
103.500000	-0.003897	0.051410
103.750000	0.019782	0.070667
104.000000	0.023642	0.066382
104.250000	0.020278	0.062415
104.500000	0.031018	0.074979
104.750000	0.028647	0.071479
105.000000	0.030653	0.054153
105.250000	0.046601	0.067009
105.500000	0.047219	0.075042
105.750000	0.040623	0.063740
106.000000	0.052953	0.065544
106.250000	0.041879	0.065868
106.500000	0.047047	0.065163
106.750000	0.048607	0.065534
107.000000	0.070309	0.075678
107.250000	0.086267	0.067183
107.500000	0.106774	0.062526
107.750000	0.117626	0.069849
108.000000	0.135549	0.064819
108.250000	0.152034	0.074385
108.500000	0.169065	0.068349
108.750000	0.184010	0.051985
109.000000	0.209684	0.071921
109.250000	0.225460	0.065113
109.500000	0.232167	0.058262
109.750000	0.257416	0.061032
110.000000	0.259321	0.072298
110.250000	0.273961	0.056919
110.500000	0.301307	0.058840
110.750000	0.319940	0.076036
111.000000	0.349768	0.066226
111.250000	0.370579	0.069427
111.500000	0.390407	0.082068
111.750000	0.417946	0.048010
112.000000	0.457724	0.066166
112.250000	0.501170	0.067335
112.500000	0.538810	0.060877
112.750000	0.591192	0.076232
113.000000	0.631091	0.064416
113.250000	0.691873	0.070889
113.500000	0.773192	0.081315
113.750000	0.830042	0.052797
114.000000	0.887176	0.086841
114.250000	0.943996	0.084632
114.500000	0.998242	0.059298
114.750000	1.059621	0.081949
115.000000	1.138894	0.072444
115.250000	1.202167	0.069349
115.500000	1.251601	0.087018
115.750000	1.322717	0.068815
116.000000	1.370347	0.058121
116.250000	1.478780	0.066983
116.500000	1.581842	0.071447
116.750000	1.668075	0.065793
117.000000	1.766010	0.061973
117.250000	1.861149	0.060028
117.500000	2.043068	0.057295
117.750000	2.223841	0.070216
118.000000	2.366509	0.076458
118.250000	2.511912	0.062258
118.500000	2.662726	0.064616
118.750000	2.831930	0.076526
119.000000	3.059432	0.071200
119.250000	3.246417	0.059549
119.500000	3.420362	0.079317
119.750000	3.612868	0.070179
120.000000	3.846755	0.066975
120.250000	4.087226	0.076888
120.500000	4.345216	0.072831
120.750000	4.638140	0.065897
121.000000	5.249431	0.084776
121.250000	5.971474	0.079973
121.500000	6.444836	0.060073
121.750000	6.815392	0.071102
122.000000	7.200597	0.079928
122.250000	7.657020	0.063765
122.500000	8.199089	0.070866
122.750000	8.629391	0.084025
123.000000	9.101823	0.064336
123.250000	9.579310	0.063627
123.500000	10.137320	0.078622
123.750000	10.912230	0.082671
124.000000	11.539470	0.071915
124.250000	12.131500	0.077947
124.500000	12.792460	0.080458
124.750000	13.551190	0.081648
125.000000	14.647700	0.082351
125.000000	14.685150	0.077077
124.750000	13.617550	0.069161
124.500000	12.798800	0.075467
124.250000	12.120950	0.087093
124.000000	11.489650	0.063117
123.750000	10.803390	0.080803
123.500000	10.023800	0.079857
123.250000	9.483920	0.077796
123.000000	8.995115	0.065805
122.750000	8.553100	0.074799
122.500000	8.074143	0.081005
122.250000	7.526260	0.068946
122.000000	7.094536	0.078247
121.750000	6.722461	0.075855
121.500000	6.362596	0.065313
121.250000	5.877328	0.077633
121.000000	5.062274	0.081854
120.750000	4.530591	0.061416
120.500000	4.251385	0.058165
120.250000	4.010428	0.059977
120.000000	3.767869	0.085783
119.750000	3.552757	0.072156
119.500000	3.380180	0.057234
119.250000	3.189720	0.070078
119.000000	2.999777	0.078148
118.750000	2.773794	0.073251
118.500000	2.612119	0.069429
118.250000	2.461548	0.065905
118.000000	2.323085	0.088591
117.750000	2.184694	0.067765
117.500000	1.985976	0.062337
117.250000	1.829194	0.077308
117.000000	1.741158	0.067281
116.750000	1.642584	0.057180
116.500000	1.553707	0.083328
116.250000	1.492266	0.064687
116.000000	1.356448	0.074430
115.750000	1.300651	0.079488
115.500000	1.241014	0.072170
115.250000	1.166170	0.060481
115.000000	1.102400	0.070794
114.750000	1.017373	0.062084
114.500000	0.956328	0.059723
114.250000	0.899903	0.064195
114.000000	0.843225	0.073535
113.750000	0.801542	0.057892
113.500000	0.746221	0.053252
113.250000	0.689097	0.072865
113.000000	0.631244	0.066506
112.750000	0.591000	0.060089
112.500000	0.553573	0.086797
112.250000	0.495091	0.063582
112.000000	0.449153	0.051696
111.750000	0.427683	0.081138
111.500000	0.405099	0.064378
111.250000	0.379303	0.054891
111.000000	0.358097	0.065534
110.750000	0.332332	0.070154
110.500000	0.329130	0.055654
110.250000	0.308309	0.066231
110.000000	0.272361	0.068448
109.750000	0.246615	0.061348
109.500000	0.229533	0.069189
109.250000	0.208124	0.068616
109.000000	0.185418	0.060288
108.750000	0.161021	0.073357
108.500000	0.150038	0.068888
108.250000	0.130959	0.058475
108.000000	0.113299	0.069874
107.750000	0.099490	0.059502
107.500000	0.089064	0.068157
107.250000	0.101840	0.076217
107.000000	0.088912	0.075828
106.750000	0.091485	0.068890
106.500000	0.081455	0.059064
106.250000	0.087605	0.076261
106.000000	0.072093	0.062340
105.750000	0.058212	0.048210
105.500000	0.047695	0.083101
105.250000	0.029083	0.069835
105.000000	0.023571	0.047464
104.750000	0.021697	0.069341
104.500000	0.006073	0.067315
104.250000	0.005222	0.059010
104.000000	0.007836	0.072982
103.750000	0.010359	0.076611
103.500000	0.008454	0.052705
103.250000	0.011666	0.062271
103.000000	0.013044	0.079145
102.750000	0.011707	0.062805
102.500000	0.018120	0.054646
102.250000	0.010288	0.080540
102.000000	0.005283	0.070689
101.750000	0.017249	0.067904
101.500000	0.013389	0.064980
101.250000	0.011403	0.060636
101.000000	0.000653	0.060395
100.750000	0.019995	0.071921
100.500000	0.002223	0.060072
100.250000	-0.013866	0.060104
100.000000	-0.012387	0.066875
99.750000	-0.016075	0.066171
99.500000	-0.016389	0.057814
99.250000	-0.025325	0.062429
99.000000	-0.041506	0.062467
98.750000	-0.038274	0.060813
98.500000	-0.043228	0.065645
98.250000	-0.048881	0.079975
98.000000	-0.056632	0.062627
97.750000	-0.040949	0.053251
97.500000	-0.051060	0.058676
97.250000	-0.036308	0.059055
97.000000	-0.036156	0.067062
96.750000	-0.035913	0.059222
96.500000	-0.038162	0.057938
96.250000	-0.016207	0.063542
96.000000	-0.020016	0.055014
95.750000	-0.020249	0.061744
95.500000	-0.025184	0.056792
95.250000	-0.037068	0.057385
95.000000	-0.026977	0.062834
94.750000	-0.017483	0.052031
94.500000	-0.030979	0.058349
94.250000	-0.016663	0.055214
94.000000	-0.003582	0.047288
93.750000	-0.024576	0.050513
93.500000	-0.019996	0.064206
93.250000	-0.017514	0.048251
93.000000	-0.028456	0.051701
92.750000	-0.022590	0.059553
92.500000	-0.011881	0.055042
92.250000	-0.030563	0.058360
92.000000	-0.017159	0.067518
91.750000	-0.021759	0.043212
91.500000	-0.027909	0.043609
91.250000	-0.039408	0.059207
91.000000	-0.024231	0.051022
90.750000	-0.046157	0.047550
90.500000	-0.033046	0.067391
90.250000	-0.043542	0.054203
90.000000	-0.055235	0.041246
