#lab INRiM MiCa
#hv keithley6487
#s CNTArO2Etching_N1new_b
#t 2.7 
#d 1.5
#N 20
#dbm 2
#
#Voltage	Current	SD
#V	pA	pA
295.000000	-1783.144000	0.813477
294.800000	-1725.327000	6.070865
294.600000	-1636.577000	1.493589
294.400000	-1567.323000	1.002144
294.200000	-1511.508000	2.343709
294.000000	-1464.320000	0.755729
293.800000	-1431.409000	1.043528
293.600000	-1405.601000	1.201580
293.400000	-1382.719000	2.835635
293.200000	-1360.878000	0.819999
293.000000	-1344.214000	0.961364
292.800000	-1328.539000	0.694855
292.600000	-1312.490000	1.072764
292.400000	-1295.737000	0.483685
292.200000	-1280.699000	0.440817
292.000000	-1265.630000	0.854878
291.800000	-1250.110000	1.155638
291.600000	-1231.188000	0.893040
291.400000	-1212.692000	0.746428
291.200000	-1195.430000	0.531520
291.000000	-1180.809000	0.883902
290.800000	-1166.975000	0.287031
290.600000	-1152.759000	1.098039
290.400000	-1137.181000	0.591739
290.200000	-1127.568000	2.938550
290.000000	-1114.431000	0.383228
289.800000	-1094.087000	2.746335
289.600000	-1074.756000	1.883200
289.400000	-1057.135000	0.459779
289.200000	-1037.585000	2.521977
289.000000	-1019.756000	0.486356
288.800000	-1006.198000	0.576398
288.600000	-993.215600	0.421468
288.400000	-980.852000	1.169363
288.200000	-971.439300	0.366683
288.000000	-959.564400	0.367095
287.800000	-947.557400	0.789378
287.600000	-936.243500	0.908632
287.400000	-924.278700	0.308129
287.200000	-909.909900	0.397172
287.000000	-896.218600	0.621115
286.800000	-882.838400	0.666735
286.600000	-868.028000	0.536797
286.400000	-854.689500	0.381500
286.200000	-842.460600	0.433406
286.000000	-830.627000	0.334414
285.800000	-819.691400	0.327012
285.600000	-809.671700	0.385498
285.400000	-802.289100	1.903385
285.200000	-792.894400	0.327323
285.000000	-782.976800	0.225710
284.800000	-773.745400	0.397620
284.600000	-765.120400	0.366852
284.400000	-756.530200	0.220347
284.200000	-747.556100	0.278423
284.000000	-738.826900	0.330617
283.800000	-730.278300	0.235878
283.600000	-721.797900	0.284415
283.400000	-713.863200	0.290802
283.200000	-705.384700	0.379543
283.000000	-697.641200	0.356685
282.800000	-688.941200	0.235281
282.600000	-679.827900	0.301368
282.400000	-669.932900	0.373969
282.200000	-659.539300	0.343440
282.000000	-648.639900	0.255902
281.800000	-636.473700	0.448406
281.600000	-624.769900	0.321279
281.400000	-613.543700	0.336573
281.200000	-602.331700	0.501924
281.000000	-592.069900	0.392747
280.800000	-582.315000	0.420642
280.600000	-572.646400	0.267139
280.400000	-564.336000	0.411815
280.200000	-556.538800	0.399143
280.000000	-548.119700	0.325380
279.800000	-540.782200	0.400766
279.600000	-533.462900	0.288950
279.400000	-525.844600	0.294938
279.200000	-518.237700	0.255361
279.000000	-511.059700	0.461069
278.800000	-503.884900	0.337607
278.600000	-497.225800	0.289747
278.400000	-490.899700	0.311195
278.200000	-483.907200	0.285654
278.000000	-478.055800	0.359460
277.800000	-471.681400	0.319770
277.600000	-465.660100	0.237731
277.400000	-459.326700	0.329587
277.200000	-451.625600	0.366439
277.000000	-445.080100	0.508383
276.800000	-438.622700	0.328308
276.600000	-429.762400	0.445926
276.400000	-422.016700	0.301939
276.200000	-413.754800	0.539882
276.000000	-403.757900	2.656159
275.800000	-393.331100	3.475314
275.600000	-384.630000	0.456384
275.400000	-368.227600	0.793372
275.200000	-356.100500	0.648148
275.000000	-349.739800	0.278471
274.800000	-344.948000	0.346963
274.600000	-339.926200	0.400369
274.400000	-334.643100	0.398828
274.200000	-329.269500	0.248353
274.000000	-323.685600	0.348228
273.800000	-318.133800	0.309546
273.600000	-312.393000	0.322683
273.400000	-306.175700	0.351753
273.200000	-299.790200	0.336568
273.000000	-293.863000	0.280704
272.800000	-288.947500	0.317121
272.600000	-284.102000	0.395259
272.400000	-279.390600	0.376298
272.200000	-275.012500	0.284812
272.000000	-270.686300	0.297151
271.800000	-266.321800	0.335866
271.600000	-261.994000	0.201445
271.400000	-257.978700	0.280561
271.200000	-253.001400	0.298455
271.000000	-248.962700	0.243918
270.800000	-245.670400	0.264615
270.600000	-242.121100	0.277454
270.400000	-239.129400	0.233896
270.200000	-236.041000	0.142807
270.000000	-232.857600	0.246486
269.800000	-230.096100	0.195344
269.600000	-227.061300	0.172614
269.400000	-223.858500	0.150606
269.200000	-220.345200	0.232619
269.000000	-216.761800	0.150895
268.800000	-212.880000	0.157255
268.600000	-208.957700	0.174732
268.400000	-205.453000	0.115542
268.200000	-202.057600	0.208994
268.000000	-198.672100	0.195709
267.800000	-195.750700	0.165317
267.600000	-192.582200	0.148347
267.400000	-189.524700	0.305711
267.200000	-186.579300	0.287725
267.000000	-183.652300	0.199760
266.800000	-180.711300	0.364157
266.600000	-177.602600	0.227152
266.400000	-174.806700	0.225607
266.200000	-171.293900	0.246203
266.000000	-167.277200	0.268083
265.800000	-164.169100	0.311695
265.600000	-160.559600	0.261628
265.400000	-156.946200	0.272026
265.200000	-153.111100	0.258866
265.000000	-147.435600	0.210752
264.800000	-141.357200	0.320438
264.600000	-134.555800	0.263448
264.400000	-128.480500	0.185975
264.200000	-124.232200	0.196344
264.000000	-120.460500	0.232039
263.800000	-117.826700	0.285321
263.600000	-115.458400	0.222261
263.400000	-113.159500	0.285438
263.200000	-111.124300	0.256870
263.000000	-108.912400	0.235894
262.800000	-106.854000	0.294181
262.600000	-104.647300	0.308348
262.400000	-102.326100	0.307868
262.200000	-100.399800	0.310173
262.000000	-97.980030	0.300543
261.800000	-95.828850	0.241655
261.600000	-93.564940	0.316782
261.400000	-91.679210	0.351524
261.200000	-89.897470	0.282132
261.000000	-87.853750	0.389360
260.800000	-86.370490	0.346307
260.600000	-84.515970	0.329688
260.400000	-82.700640	0.320621
260.200000	-81.097390	0.326054
260.000000	-79.340760	0.294364
259.800000	-77.644960	0.280254
259.600000	-75.740480	0.365848
259.400000	-73.540690	0.368396
259.200000	-71.554660	0.354614
259.000000	-69.364520	0.305184
258.800000	-67.267770	0.233186
258.600000	-65.475480	0.262612
258.400000	-63.421040	0.246233
258.200000	-61.787420	0.204173
258.000000	-60.035460	0.168536
257.800000	-58.378140	0.192640
257.600000	-56.892320	0.158230
257.400000	-55.389660	0.176271
257.200000	-54.022260	0.167224
257.000000	-52.582130	0.158802
256.800000	-51.210230	0.190730
256.600000	-49.900850	0.166237
256.400000	-48.528300	0.214189
256.200000	-47.541340	0.229257
256.000000	-46.486750	0.156430
255.800000	-45.539210	0.189928
255.600000	-44.662950	0.170110
255.400000	-43.710490	0.221937
255.200000	-42.934940	0.242808
255.000000	-42.178660	0.246814
254.800000	-41.297680	0.208385
254.600000	-40.630560	0.229369
254.400000	-39.905540	0.205302
254.200000	-39.085340	0.187058
254.000000	-38.369120	0.260110
253.800000	-37.683730	0.182613
253.600000	-37.166510	0.178734
253.400000	-36.422630	0.216281
253.200000	-35.935550	0.125194
253.000000	-35.365170	0.147770
252.800000	-34.757510	0.085924
252.600000	-34.220650	0.138637
252.400000	-33.620040	0.113224
252.200000	-33.084190	0.209947
252.000000	-32.482600	0.190392
251.800000	-31.735840	0.178135
251.600000	-31.098570	0.154914
251.400000	-30.421970	0.161554
251.200000	-29.787460	0.184881
251.000000	-29.260830	0.070413
250.800000	-28.670260	0.137012
250.600000	-28.180720	0.148679
250.400000	-27.581800	0.246720
250.200000	-27.045100	0.253475
250.000000	-26.239170	0.234653
249.800000	-25.307840	0.213101
249.600000	-24.534070	0.161330
249.400000	-23.615860	0.163083
249.200000	-22.903690	0.167241
249.000000	-22.424800	0.191106
248.800000	-21.810540	0.226723
248.600000	-21.433450	0.258931
248.400000	-21.077230	0.251609
248.200000	-20.692640	0.139959
248.000000	-20.340130	0.150038
247.800000	-20.009720	0.165240
247.600000	-19.630370	0.188629
247.400000	-19.229250	0.146997
247.200000	-18.869090	0.236713
247.000000	-18.600050	0.192992
246.800000	-18.137250	0.232437
246.600000	-17.727770	0.298874
246.400000	-17.397680	0.214911
246.200000	-16.875880	0.291907
246.000000	-16.471780	0.176443
245.800000	-16.159400	0.143610
245.600000	-15.838520	0.148743
245.400000	-15.509330	0.201939
245.200000	-15.181580	0.231405
245.000000	-14.945370	0.225122
244.800000	-14.682990	0.214244
244.600000	-14.468010	0.298763
244.400000	-14.165100	0.251816
244.200000	-13.834760	0.202957
244.000000	-13.515230	0.228373
243.800000	-13.215330	0.289158
243.600000	-13.012450	0.235034
243.400000	-12.720420	0.323985
243.200000	-12.451910	0.288443
243.000000	-12.266370	0.193724
242.800000	-12.017860	0.185522
242.600000	-11.746270	0.145119
242.400000	-11.549910	0.216577
242.200000	-11.257540	0.184718
242.000000	-11.066440	0.127524
241.800000	-10.791880	0.159158
241.600000	-10.527580	0.152505
241.400000	-10.219830	0.191180
241.200000	-9.832198	0.177922
241.000000	-9.625808	0.190247
240.800000	-9.407680	0.133519
240.600000	-9.158395	0.177210
240.400000	-9.031405	0.164335
240.200000	-8.889622	0.163885
240.000000	-8.710124	0.140051
239.800000	-8.544073	0.167551
239.600000	-8.371151	0.139383
239.400000	-8.245691	0.109713
239.200000	-8.079793	0.128860
239.000000	-7.889046	0.170279
238.800000	-7.747527	0.099163
238.600000	-7.580361	0.120594
238.400000	-7.388946	0.142389
238.200000	-7.235014	0.144861
238.000000	-7.100729	0.190133
237.800000	-7.011963	0.207452
237.600000	-6.801052	0.203997
237.400000	-6.702458	0.100427
237.200000	-6.601055	0.165046
237.000000	-6.474655	0.194461
236.800000	-6.310031	0.232923
236.600000	-6.043863	0.213822
236.400000	-5.905232	0.143665
236.200000	-5.735308	0.248819
236.000000	-5.541624	0.180161
235.800000	-5.365439	0.157737
235.600000	-5.160821	0.180282
235.400000	-5.076452	0.111396
235.200000	-4.960884	0.183146
235.000000	-4.822780	0.225795
234.800000	-4.725887	0.185662
234.600000	-4.583273	0.450796
234.400000	-4.351456	0.345474
234.200000	-4.315089	0.332158
234.000000	-4.291935	0.365443
233.800000	-4.046216	0.320006
233.600000	-4.006119	0.231535
233.400000	-3.923210	0.402593
233.200000	-3.671908	0.255444
233.000000	-3.624454	0.319147
232.800000	-3.572796	0.377518
232.600000	-3.380225	0.148497
232.400000	-3.362270	0.188135
232.200000	-3.239405	0.235970
232.000000	-3.062054	0.156617
231.800000	-2.955363	0.245049
231.600000	-2.960551	0.271372
231.400000	-2.743307	0.169521
231.200000	-2.623583	0.246522
231.000000	-2.520813	0.228832
230.800000	-2.485124	0.312581
230.600000	-2.430365	0.251679
230.400000	-2.242546	0.150552
230.200000	-2.255223	0.416209
230.000000	-2.204526	0.282236
229.800000	-2.067334	0.228097
229.600000	-1.966236	0.425401
229.400000	-1.900400	0.126558
229.200000	-1.837716	0.251836
229.000000	-1.789351	0.199294
228.800000	-1.720111	0.249079
228.600000	-1.649605	0.221646
228.400000	-1.581044	0.262844
228.200000	-1.586009	0.221193
228.000000	-1.526132	0.187886
227.800000	-1.432117	0.297575
227.600000	-1.373862	0.278349
227.400000	-1.288246	0.297879
227.200000	-1.259792	0.309087
227.000000	-1.272601	0.402526
226.800000	-1.204881	0.174868
226.600000	-1.201446	0.326928
226.400000	-1.119742	0.159496
226.200000	-1.062784	0.309918
226.000000	-1.009423	0.195579
225.800000	-0.949333	0.267648
225.600000	-0.921001	0.301126
225.400000	-0.874632	0.214100
225.200000	-0.782906	0.293424
225.000000	-0.720425	0.235962
224.800000	-0.625356	0.312727
224.600000	-0.572430	0.198747
224.400000	-0.509068	0.383484
224.200000	-0.497678	0.391427
224.000000	-0.485366	0.304546
223.800000	-0.437487	0.266298
223.600000	-0.362512	0.371334
223.400000	-0.342114	0.226401
223.200000	-0.409884	0.383226
223.000000	-0.364103	0.399367
222.800000	-0.369586	0.333621
222.600000	-0.272461	0.438594
222.400000	-0.244959	0.350768
222.200000	-0.333068	0.439796
222.000000	-0.350325	0.420681
221.800000	-0.361995	0.283956
221.600000	-0.238091	0.386859
221.400000	-0.184352	0.283164
221.200000	-0.147483	0.420909
221.000000	-0.232324	0.355985
220.800000	-0.276078	0.378449
220.600000	-0.264486	0.386744
220.400000	-0.227350	0.417135
220.200000	-0.132008	0.394756
220.000000	-0.106247	0.284380
219.800000	-0.133416	0.379986
219.600000	-0.161170	0.339617
219.400000	-0.201673	0.395227
219.200000	-0.134824	0.352667
219.000000	-0.144763	0.312156
218.800000	-0.136171	0.320502
218.600000	-0.086577	0.247412
218.400000	-0.073185	0.317014
218.200000	-0.083884	0.294409
218.000000	-0.085034	0.401124
217.800000	-0.088111	0.341536
217.600000	-0.075053	0.437603
217.400000	-0.093876	0.322858
217.200000	-0.097841	0.419116
217.000000	-0.061945	0.266281
216.800000	-0.030148	0.238242
216.600000	-0.057051	0.264129
216.400000	-0.031899	0.168364
216.200000	0.004881	0.254197
216.000000	-0.003284	0.185562
215.800000	0.015266	0.274148
215.600000	0.006007	0.214638
215.400000	-0.006700	0.228565
215.200000	0.015340	0.192611
215.000000	0.116158	0.273838
214.800000	0.115967	0.225301
214.600000	0.092324	0.324384
214.400000	0.015486	0.359824
214.200000	-0.024020	0.288568
214.000000	0.018476	0.348627
213.800000	0.015690	0.332948
213.600000	0.057233	0.368507
213.400000	0.090218	0.293671
213.200000	0.103826	0.296536
213.000000	0.113619	0.159722
212.800000	0.102206	0.256316
212.600000	0.051161	0.162886
212.400000	0.069914	0.225050
212.200000	0.095245	0.256615
212.000000	0.083266	0.315224
211.800000	0.115721	0.291673
211.600000	0.054193	0.354921
211.400000	0.036461	0.350968
211.200000	0.115933	0.334532
211.000000	0.087055	0.339805
210.800000	0.135292	0.201454
210.600000	0.141769	0.388647
210.400000	0.190398	0.333476
210.200000	0.217810	0.513621
210.000000	0.168393	0.516369
209.800000	0.087737	0.512702
209.600000	0.082450	0.452101
209.400000	0.049429	0.391069
209.200000	0.001531	0.401469
209.000000	0.105889	0.651643
208.800000	0.213465	0.443743
208.600000	0.211655	0.615330
208.400000	0.202778	0.369728
208.200000	0.141103	0.582445
208.000000	0.168968	0.333639
207.800000	0.096117	0.482242
207.600000	0.057950	0.419115
207.400000	0.034664	0.423344
207.200000	0.071974	0.407882
207.000000	0.172793	0.441950
206.800000	0.190970	0.461589
206.600000	0.171637	0.462340
206.400000	0.178501	0.369827
206.200000	0.216578	0.419908
206.000000	0.197919	0.259896
205.800000	0.185026	0.381786
205.600000	0.173715	0.207385
205.400000	0.101155	0.436421
205.200000	0.135680	0.378545
205.000000	0.144478	0.565727
204.800000	0.225812	0.354694
204.600000	0.216393	0.459555
204.400000	0.193365	0.360884
204.200000	0.084176	0.384020
204.000000	0.072362	0.333919
203.800000	0.085081	0.280854
203.600000	0.154532	0.263640
203.400000	0.177775	0.284030
203.200000	0.210698	0.195244
203.000000	0.130936	0.201004
202.800000	0.067391	0.238778
202.600000	0.081701	0.177539
202.400000	0.103633	0.277645
202.200000	0.182791	0.275637
202.000000	0.206343	0.165362
201.800000	0.213049	0.240699
201.600000	0.256499	0.151907
201.400000	0.213553	0.288308
201.200000	0.168536	0.235101
201.000000	0.122243	0.137306
200.800000	0.139585	0.263107
200.600000	0.177212	0.165578
200.400000	0.172161	0.291119
200.200000	0.182542	0.168159
200.000000	0.170464	0.148176
