#lab INRiM MiCb
#hv keithley6487
#s CNTArO2Etching_Strongnew
#t 2.7 
#d 1.0
#N 20
#dbm 5
#
#Voltage	Current	SD
#V	pA	pA
170.000000	-937.403500	0.288959
169.800000	-920.318700	0.291961
169.600000	-904.728100	0.288379
169.400000	-884.484900	0.289371
169.200000	-864.375100	0.314905
169.000000	-842.541400	0.322347
168.800000	-818.078600	0.431405
168.600000	-787.642300	0.295870
168.400000	-759.453400	0.285757
168.200000	-733.481600	0.271366
168.000000	-711.925800	0.266560
167.800000	-694.003700	0.269775
167.600000	-673.869000	0.241698
167.400000	-653.735000	0.496222
167.200000	-636.024800	0.251602
167.000000	-619.085900	0.213941
166.800000	-606.936700	0.242385
166.600000	-594.600100	0.228137
166.400000	-581.775200	0.235857
166.200000	-570.415900	0.251904
166.000000	-555.078400	0.260275
165.800000	-538.108100	0.293282
165.600000	-517.809000	0.244733
165.400000	-500.955100	0.249985
165.200000	-488.008800	0.261589
165.000000	-477.132300	0.280999
164.800000	-464.770800	0.282381
164.600000	-456.182500	0.274429
164.400000	-447.568400	0.258909
164.200000	-437.888700	0.265296
164.000000	-428.339800	0.251645
163.800000	-417.619900	0.251742
163.600000	-409.762300	0.253033
163.400000	-402.183700	0.226853
163.200000	-394.798400	0.248327
163.000000	-387.277300	0.263539
162.800000	-377.817400	0.278224
162.600000	-368.206000	0.226102
162.400000	-353.386200	0.269626
162.200000	-338.283000	0.313528
162.000000	-328.564200	0.284575
161.800000	-320.242500	0.279580
161.600000	-313.188300	0.264377
161.400000	-307.790300	0.262581
161.200000	-301.918600	0.273353
161.000000	-296.488400	0.275250
160.800000	-291.482100	0.286429
160.600000	-283.782300	0.250100
160.400000	-278.890400	0.280300
160.200000	-273.329500	0.234787
160.000000	-268.376100	0.237945
159.800000	-262.310500	0.247976
159.600000	-254.741900	0.243762
159.400000	-247.027000	0.264356
159.200000	-238.434400	0.258039
159.000000	-229.089000	0.251867
158.800000	-223.551900	0.244267
158.600000	-218.370700	0.266819
158.400000	-213.162700	0.293467
158.200000	-209.262100	0.253252
158.000000	-204.017000	0.270823
157.800000	-198.670400	0.265217
157.600000	-194.005300	0.271856
157.400000	-189.672900	0.273035
157.200000	-185.534700	0.252653
157.000000	-181.245400	0.244564
156.800000	-176.734000	0.263346
156.600000	-171.387000	0.268715
156.400000	-166.241000	0.241352
156.200000	-160.423600	0.246403
156.000000	-151.521900	0.272034
155.800000	-141.405600	0.223033
155.600000	-135.075900	0.251797
155.400000	-127.343400	0.237008
155.200000	-120.910100	0.346838
155.000000	-116.836600	0.224482
154.800000	-111.203700	0.241862
154.600000	-105.706900	0.242297
154.400000	-97.461040	0.230563
154.200000	-89.133280	0.233305
154.000000	-83.488370	0.252432
153.800000	-76.580920	0.242755
153.600000	-71.813080	0.229847
153.400000	-65.902230	0.241097
153.200000	-61.476450	0.255597
153.000000	-56.424540	0.225347
152.800000	-50.459060	0.238247
152.600000	-47.059810	0.249638
152.400000	-45.000800	0.248778
152.200000	-43.851970	0.246686
152.000000	-42.090920	0.236430
151.800000	-40.815400	0.200770
151.600000	-38.785250	0.233940
151.400000	-37.616670	0.239876
151.200000	-35.656690	0.231257
151.000000	-34.757320	0.228518
150.800000	-33.535370	0.246572
150.600000	-32.414920	0.225745
150.400000	-31.652000	0.248710
150.200000	-30.504700	0.234216
150.000000	-29.714880	0.219032
149.800000	-28.086730	0.240931
149.600000	-26.148720	0.210110
149.400000	-24.545620	0.228536
149.200000	-23.325530	0.237760
149.000000	-22.607900	0.236025
148.800000	-21.994060	0.238991
148.600000	-21.368160	0.235703
148.400000	-20.798930	0.255467
148.200000	-20.235930	0.235604
148.000000	-19.399730	0.224882
147.800000	-18.603040	0.215286
147.600000	-18.260930	0.239747
147.400000	-17.687260	0.226155
147.200000	-17.284470	0.198033
147.000000	-16.494590	0.238368
146.800000	-15.858100	0.210672
146.600000	-15.115290	0.223041
146.400000	-14.233300	0.224988
146.200000	-13.418290	0.235003
146.000000	-12.432060	0.212116
145.800000	-11.943540	0.226460
145.600000	-11.695730	0.219283
145.400000	-11.275330	0.206141
145.200000	-11.019790	0.239943
145.000000	-10.632190	0.231293
144.800000	-10.199720	0.241382
144.600000	-9.982187	0.251125
144.400000	-9.662315	0.230710
144.200000	-9.383485	0.232836
144.000000	-8.932141	0.232156
143.800000	-8.442452	0.236219
143.600000	-8.133673	0.227751
143.400000	-7.768940	0.228356
143.200000	-7.484517	0.228468
143.000000	-7.087205	0.232709
142.800000	-6.737537	0.237927
142.600000	-6.510912	0.231578
142.400000	-6.329028	0.243275
142.200000	-6.102585	0.232321
142.000000	-5.788508	0.226966
141.800000	-5.423148	0.244575
141.600000	-5.207941	0.216526
141.400000	-5.078546	0.237059
141.200000	-4.966008	0.227729
141.000000	-4.806108	0.221744
140.800000	-4.541867	0.216409
140.600000	-4.312234	0.223330
140.400000	-4.020790	0.234337
140.200000	-3.696744	0.205786
140.000000	-3.466796	0.196523
139.800000	-3.292855	0.196852
139.600000	-3.123807	0.217719
139.400000	-2.967583	0.211047
139.200000	-2.846546	0.199453
139.000000	-2.746055	0.194004
138.800000	-2.647469	0.221748
138.600000	-2.558639	0.228860
138.400000	-2.441826	0.212090
138.200000	-2.379753	0.196223
138.000000	-2.277165	0.215922
137.800000	-2.225253	0.219049
137.600000	-2.140242	0.179887
137.400000	-1.997352	0.200977
137.200000	-1.948864	0.203419
137.000000	-1.799824	0.199379
136.800000	-1.644564	0.200661
136.600000	-1.499779	0.193774
136.400000	-1.379998	0.204547
136.200000	-1.351418	0.215795
136.000000	-1.307783	0.219607
135.800000	-1.262071	0.216489
135.600000	-1.196138	0.186788
135.400000	-1.116101	0.204447
135.200000	-1.059904	0.203099
135.000000	-0.988986	0.191952
134.800000	-0.945645	0.174627
134.600000	-0.902830	0.188633
134.400000	-0.848841	0.187982
134.200000	-0.804204	0.188304
134.000000	-0.771075	0.171049
133.800000	-0.713155	0.184244
133.600000	-0.706043	0.180582
133.400000	-0.638883	0.204393
133.200000	-0.618276	0.180293
133.000000	-0.544096	0.168243
132.800000	-0.486845	0.179398
132.600000	-0.479773	0.206714
132.400000	-0.424102	0.195775
132.200000	-0.392615	0.177762
132.000000	-0.346508	0.170874
131.800000	-0.337441	0.177580
131.600000	-0.309093	0.180244
131.400000	-0.292782	0.179758
131.200000	-0.249745	0.187151
131.000000	-0.239421	0.188172
130.800000	-0.224042	0.174522
130.600000	-0.233373	0.172193
130.400000	-0.200182	0.183313
130.200000	-0.152787	0.193853
130.000000	-0.148765	0.166625
129.800000	-0.134369	0.169182
129.600000	-0.128159	0.154922
129.400000	-0.129789	0.174658
129.200000	-0.137327	0.167223
129.000000	-0.118270	0.173623
128.800000	-0.141127	0.188734
128.600000	-0.109911	0.176005
128.400000	-0.120509	0.189223
128.200000	-0.103650	0.183853
128.000000	-0.107794	0.197682
127.800000	-0.072029	0.196393
127.600000	-0.074025	0.196567
127.400000	-0.057004	0.196503
127.200000	-0.077226	0.216311
127.000000	-0.065576	0.177587
126.800000	-0.054958	0.182821
126.600000	-0.066497	0.196221
126.400000	-0.055272	0.164998
126.200000	-0.036873	0.206727
126.000000	-0.064025	0.198528
125.800000	-0.064745	0.180029
125.600000	-0.042891	0.205352
125.400000	-0.057602	0.180255
125.200000	-0.059608	0.178173
125.000000	-0.048413	0.166404
124.800000	-0.049498	0.158818
124.600000	-0.063540	0.159866
124.400000	-0.064967	0.185734
124.200000	-0.055384	0.163451
124.000000	-0.048413	0.178466
123.800000	-0.061513	0.167280
123.600000	-0.021310	0.204746
123.400000	-0.031716	0.193642
123.200000	-0.039862	0.195764
123.000000	-0.033581	0.194046
122.800000	-0.010015	0.173290
122.600000	-0.025241	0.190844
122.400000	-0.013743	0.162993
122.200000	-0.032658	0.170730
122.000000	-0.013085	0.176120
121.800000	-0.037208	0.181883
121.600000	-0.032446	0.166142
121.400000	-0.017310	0.171034
121.200000	-0.035252	0.185216
121.000000	-0.020693	0.183695
120.800000	-0.017532	0.172703
120.600000	-0.023844	0.166084
120.400000	-0.026792	0.172625
120.200000	-0.017025	0.183979
120.000000	-0.036407	0.164006
119.800000	-0.028059	0.178598
119.600000	-0.035009	0.166579
119.400000	-0.038707	0.175190
119.200000	-0.030774	0.165056
119.000000	-0.032831	0.168581
118.800000	-0.042375	0.173165
118.600000	-0.032486	0.185846
118.400000	-0.043438	0.188934
118.200000	-0.038737	0.181016
118.000000	-0.030936	0.178459
117.800000	-0.020703	0.187549
117.600000	-0.029882	0.188305
117.400000	-0.037633	0.184074
117.200000	-0.040085	0.167279
117.000000	-0.026033	0.172959
116.800000	-0.029325	0.182278
116.600000	-0.022507	0.165653
116.400000	-0.022699	0.195260
116.200000	-0.042527	0.176570
116.000000	-0.039954	0.178662
115.800000	-0.025486	0.175056
115.600000	-0.035932	0.167113
115.400000	-0.036225	0.179888
115.200000	-0.028413	0.183744
115.000000	-0.031078	0.168527
114.800000	-0.029751	0.182742
114.600000	-0.015577	0.187726
114.400000	-0.024796	0.188497
114.200000	-0.022355	0.177057
114.000000	-0.015648	0.172825
113.800000	-0.038647	0.169131
113.600000	-0.031322	0.167816
113.400000	-0.014341	0.173353
113.200000	-0.043307	0.169479
113.000000	-0.036620	0.177244
112.800000	-0.024584	0.171773
112.600000	-0.047187	0.154651
112.400000	-0.032102	0.140526
112.200000	-0.026884	0.136765
112.000000	-0.027654	0.163914
111.800000	-0.037512	0.143857
111.600000	-0.028120	0.143055
111.400000	-0.032892	0.167083
111.200000	-0.028110	0.167395
111.000000	-0.033237	0.150778
110.800000	-0.033976	0.162288
110.600000	-0.020146	0.164718
110.400000	-0.046266	0.184475
110.200000	-0.024676	0.164343
110.000000	-0.012923	0.183333
109.800000	-0.029732	0.162003
109.600000	-0.017118	0.142673
109.400000	-0.015162	0.138806
109.200000	-0.010836	0.137334
109.000000	-0.014068	0.140428
108.800000	-0.028232	0.139095
108.600000	-0.022862	0.124642
108.400000	-0.018780	0.125713
108.200000	-0.002153	0.126853
108.000000	-0.023886	0.123783
107.800000	-0.020320	0.129525
107.600000	-0.013733	0.148776
107.400000	-0.020127	0.132509
107.200000	-0.020055	0.155811
107.000000	-0.019793	0.141866
106.800000	-0.014017	0.152052
106.600000	-0.018881	0.139481
106.400000	-0.017867	0.150069
106.200000	-0.021343	0.152236
106.000000	-0.014828	0.137421
105.800000	-0.019640	0.144094
105.600000	-0.024716	0.158949
105.400000	-0.014757	0.164853
105.200000	-0.030613	0.148714
105.000000	-0.034615	0.144004
104.800000	-0.027381	0.149155
104.600000	-0.032569	0.149106
104.400000	-0.024534	0.142639
104.200000	-0.021890	0.132867
104.000000	-0.043085	0.148964
103.800000	-0.042325	0.142021
103.600000	-0.027026	0.140766
103.400000	-0.031282	0.137535
103.200000	-0.037492	0.138658
103.000000	-0.028232	0.126149
102.800000	-0.026125	0.134370
102.600000	-0.016925	0.137488
102.400000	-0.024412	0.147096
102.200000	-0.024959	0.143204
102.000000	-0.033166	0.122528
101.800000	-0.014230	0.142033
101.600000	-0.038009	0.124261
101.400000	-0.032893	0.119916
101.200000	-0.032811	0.137588
101.000000	-0.022498	0.125599
100.800000	-0.027908	0.133129
100.600000	-0.031535	0.142534
100.400000	-0.041211	0.125215
100.200000	-0.041626	0.144744
100.000000	-0.039985	0.126730
99.800000	-0.028880	0.144840
99.600000	-0.016783	0.151980
99.400000	-0.042822	0.119949
99.200000	-0.026925	0.143348
99.000000	-0.034169	0.140672
98.800000	-0.033652	0.154721
98.600000	-0.012904	0.139058
98.400000	-0.041069	0.146400
98.200000	-0.025193	0.132824
98.000000	-0.036966	0.135196
97.800000	-0.032326	0.141398
97.600000	-0.032771	0.138766
97.400000	-0.052963	0.143681
97.200000	-0.030664	0.137357
97.000000	-0.027857	0.130219
96.800000	-0.044878	0.125616
96.600000	-0.022802	0.115293
96.400000	-0.021707	0.117636
96.200000	-0.029468	0.135733
96.000000	-0.015770	0.127987
95.800000	-0.030795	0.129906
95.600000	-0.028334	0.120259
95.400000	-0.038009	0.120371
95.200000	-0.013785	0.121401
95.000000	-0.029033	0.128468
94.800000	-0.023329	0.124921
94.600000	-0.018648	0.118813
94.400000	-0.029722	0.129348
94.200000	-0.016632	0.124447
94.000000	-0.033065	0.131058
93.800000	-0.018182	0.106390
93.600000	-0.024859	0.111003
93.400000	-0.029702	0.111297
93.200000	-0.033653	0.114445
93.000000	-0.026845	0.108293
92.800000	-0.033471	0.107446
92.600000	-0.044737	0.116493
92.400000	-0.035467	0.118081
92.200000	-0.041971	0.105440
92.000000	-0.046835	0.104889
91.800000	-0.027423	0.103175
91.600000	-0.055304	0.111131
91.400000	-0.032559	0.112806
91.200000	-0.025285	0.114522
91.000000	-0.048395	0.105057
90.800000	-0.033734	0.116091
90.600000	-0.041707	0.133309
90.400000	-0.038699	0.104201
90.200000	-0.031748	0.108541
90.000000	-0.029823	0.119774
89.800000	-0.028648	0.117113
89.600000	-0.025254	0.125242
89.400000	-0.017108	0.133816
89.200000	-0.016429	0.126759
89.000000	-0.021384	0.108303
88.800000	-0.014879	0.125073
88.600000	-0.036713	0.116644
88.400000	-0.035761	0.101975
88.200000	-0.020067	0.125325
88.000000	-0.032508	0.116646
87.800000	-0.017778	0.102599
87.600000	-0.013887	0.111573
87.400000	-0.019409	0.110581
87.200000	-0.028222	0.115763
87.000000	-0.035315	0.111363
86.800000	-0.010563	0.100756
86.600000	-0.022884	0.090199
86.400000	-0.032894	0.091785
86.200000	-0.016410	0.099548
86.000000	-0.014808	0.117778
85.800000	-0.028476	0.103698
85.600000	-0.037432	0.108121
85.400000	-0.037058	0.093720
85.200000	-0.025183	0.098900
85.000000	-0.013785	0.102858
84.800000	-0.031384	0.089927
84.600000	-0.014181	0.101625
84.400000	-0.018253	0.107962
84.200000	-0.021354	0.088011
84.000000	-0.014849	0.111758
83.800000	-0.043248	0.107447
83.600000	-0.044241	0.105530
83.400000	-0.024069	0.096369
83.200000	-0.028892	0.081595
83.000000	-0.022174	0.105171
82.800000	-0.042893	0.094335
82.600000	-0.024677	0.094397
82.400000	-0.037635	0.096657
82.200000	-0.032681	0.103326
82.000000	-0.030624	0.082107
81.800000	-0.032954	0.093095
81.600000	-0.038476	0.099183
81.400000	-0.032752	0.090613
81.200000	-0.031992	0.108352
81.000000	-0.026511	0.090185
80.800000	-0.020431	0.102914
80.600000	-0.025740	0.114032
80.400000	-0.031617	0.099207
80.200000	-0.032965	0.102273
80.000000	-0.041617	0.105173
79.800000	-0.033461	0.112818
79.600000	-0.036815	0.094286
79.400000	-0.032275	0.103346
79.200000	-0.019014	0.098710
79.000000	-0.035376	0.096358
78.800000	-0.030635	0.095566
78.600000	-0.049530	0.096641
78.400000	-0.034637	0.086998
78.200000	-0.038497	0.094804
78.000000	-0.029956	0.093883
77.800000	-0.041689	0.081010
77.600000	-0.038942	0.104606
77.400000	-0.029176	0.095724
77.200000	-0.031982	0.095216
77.000000	-0.032417	0.091613
76.800000	-0.019135	0.091132
76.600000	-0.034464	0.105616
76.400000	-0.035336	0.087620
76.200000	-0.036815	0.079070
76.000000	-0.032235	0.093125
75.800000	-0.035498	0.096051
75.600000	-0.026967	0.103740
75.400000	-0.030614	0.084429
75.200000	-0.024049	0.090827
75.000000	-0.031952	0.094454
74.800000	-0.028467	0.083987
74.600000	-0.033917	0.066084
74.400000	-0.027747	0.084719
74.200000	-0.039155	0.078033
74.000000	-0.036450	0.097155
73.800000	-0.044464	0.086016
73.600000	-0.044656	0.097760
73.400000	-0.040766	0.076948
73.200000	-0.025467	0.084336
73.000000	-0.040431	0.093906
72.800000	-0.035022	0.075626
72.600000	-0.038466	0.087486
72.400000	-0.021263	0.075759
72.200000	-0.030968	0.093335
72.000000	-0.045802	0.085429
71.800000	-0.038010	0.074418
71.600000	-0.034850	0.066439
71.400000	-0.020979	0.088467
71.200000	-0.023695	0.083046
71.000000	-0.026754	0.100641
70.800000	-0.027311	0.074954
70.600000	-0.033492	0.080222
70.400000	-0.025619	0.081110
70.200000	-0.037393	0.064360
70.000000	-0.019044	0.088688
