#lab INRiM
#hv keithley6487
#s CNTArO2Etching_N1new_b
#t 2.7
#d 0.5
#N 20
#dbm 1
#
#Voltage	Current	SD
#V	pA	pA
90.000000	-0.034837	0.055482
90.250000	-0.031372	0.052941
90.500000	-0.035557	0.066802
90.750000	-0.003840	0.058097
91.000000	0.008949	0.059462
91.250000	0.031667	0.053666
91.500000	-0.000323	0.058120
91.750000	-0.005998	0.041406
92.000000	0.007631	0.049159
92.250000	0.035224	0.057551
92.500000	0.030644	0.057716
92.750000	0.028638	0.053395
93.000000	0.026722	0.052518
93.250000	0.001612	0.066534
93.500000	0.015191	0.069116
93.750000	0.036896	0.059320
94.000000	0.041943	0.050097
94.250000	0.028870	0.051318
94.500000	0.009242	0.045326
94.750000	0.012069	0.064339
95.000000	0.026449	0.069949
95.250000	0.036217	0.064032
95.500000	0.031566	0.056558
95.750000	0.029114	0.058855
96.000000	0.030188	0.046333
96.250000	0.023459	0.047100
96.500000	0.034849	0.056258
96.750000	0.047009	0.062305
97.000000	0.041192	0.067498
97.250000	0.023145	0.066522
97.500000	0.021646	0.066570
97.750000	0.039450	0.062796
98.000000	0.041405	0.062068
98.250000	0.036268	0.054463
98.500000	0.029002	0.042406
98.750000	0.031373	0.052525
99.000000	0.029326	0.055508
99.250000	0.034575	0.052816
99.500000	0.048954	0.054857
99.750000	0.055966	0.069654
100.000000	0.044850	0.074100
100.250000	0.039115	0.065381
100.500000	0.047880	0.052328
100.750000	0.033136	0.049982
101.000000	0.059179	0.058072
101.250000	0.072189	0.064054
101.500000	0.066576	0.060570
101.750000	0.052045	0.064105
102.000000	0.047667	0.064562
102.250000	0.055034	0.048405
102.500000	0.085069	0.048757
102.750000	0.079627	0.066306
103.000000	0.078370	0.070742
103.250000	0.057892	0.066933
103.500000	0.072787	0.071210
103.750000	0.076902	0.047974
104.000000	0.067893	0.064074
104.250000	0.085018	0.071780
104.500000	0.101584	0.079209
104.750000	0.109721	0.074263
105.000000	0.109347	0.056865
105.250000	0.115578	0.065356
105.500000	0.118213	0.060998
105.750000	0.118183	0.061593
106.000000	0.126310	0.055007
106.250000	0.136189	0.067581
106.500000	0.153556	0.062166
106.750000	0.140708	0.063970
107.000000	0.162280	0.075199
107.250000	0.179759	0.066641
107.500000	0.174267	0.054488
107.750000	0.198930	0.073872
108.000000	0.220035	0.068942
108.250000	0.221373	0.073614
108.500000	0.221221	0.075596
108.750000	0.251588	0.062524
109.000000	0.267121	0.070116
109.250000	0.282279	0.076031
109.500000	0.300304	0.071584
109.750000	0.341431	0.070762
110.000000	0.332424	0.069424
110.250000	0.348615	0.069659
110.500000	0.377574	0.059372
110.750000	0.409865	0.049683
111.000000	0.451702	0.049706
111.250000	0.479515	0.046957
111.500000	0.504583	0.071792
111.750000	0.527026	0.071660
112.000000	0.563280	0.071761
112.250000	0.605410	0.076709
112.500000	0.649324	0.062720
112.750000	0.704768	0.057381
113.000000	0.741802	0.062736
113.250000	0.765978	0.059529
113.500000	0.849327	0.072384
113.750000	0.909321	0.069024
114.000000	0.970348	0.083631
114.250000	1.012266	0.075510
114.500000	1.053616	0.063616
114.750000	1.116751	0.061367
115.000000	1.228785	0.059901
115.250000	1.300015	0.066438
115.500000	1.363697	0.057256
115.750000	1.424775	0.064751
116.000000	1.502319	0.062542
116.250000	1.612245	0.077716
116.500000	1.734755	0.078842
116.750000	1.802146	0.067041
117.000000	1.897491	0.070027
117.250000	2.050643	0.079505
117.500000	2.299251	0.074956
117.750000	2.459647	0.082481
118.000000	2.575541	0.078422
118.250000	2.747690	0.065144
118.500000	2.948828	0.065367
118.750000	3.136409	0.060744
119.000000	3.294727	0.065282
119.250000	3.457504	0.067079
119.500000	3.635388	0.081984
119.750000	3.905456	0.065253
120.000000	4.131429	0.086658
120.250000	4.354290	0.070672
120.500000	4.564406	0.064715
120.750000	4.866614	0.074882
121.000000	5.240763	0.071997
121.250000	5.571617	0.075101
121.500000	5.999294	0.075245
121.750000	6.321260	0.094459
122.000000	6.678985	0.090185
122.250000	7.219498	0.079600
122.500000	7.629220	0.077195
122.750000	8.046431	0.094625
123.000000	8.471110	0.075628
123.250000	8.891088	0.070008
123.500000	9.632494	0.060860
123.750000	10.220240	0.077462
124.000000	10.748300	0.076442
124.250000	11.295870	0.081778
124.500000	11.907890	0.091714
124.750000	12.698040	0.062708
125.000000	13.791960	0.061947
125.000000	13.809760	0.063921
124.750000	12.680890	0.068744
124.500000	11.976470	0.067028
124.250000	11.149100	0.089335
124.000000	10.634720	0.097951
123.750000	10.097870	0.078523
123.500000	9.530998	0.073288
123.250000	8.808581	0.080222
123.000000	8.340627	0.068471
122.750000	7.916212	0.061898
122.500000	7.535022	0.059877
122.250000	7.156517	0.063751
122.000000	6.604686	0.072624
121.750000	6.236271	0.075114
121.500000	5.872864	0.065452
121.250000	5.529325	0.084419
121.000000	5.209304	0.070361
120.750000	4.835753	0.088875
120.500000	4.566009	0.085884
120.250000	4.275159	0.075784
120.000000	4.056238	0.070413
119.750000	3.832839	0.079898
119.500000	3.621609	0.067403
119.250000	3.428121	0.061702
119.000000	3.226831	0.054961
118.750000	3.064814	0.066656
118.500000	2.881053	0.071750
118.250000	2.718702	0.081510
118.000000	2.566676	0.071890
117.750000	2.434205	0.076053
117.500000	2.231558	0.069018
117.250000	2.005757	0.077193
117.000000	1.889792	0.066012
116.750000	1.772469	0.076680
116.500000	1.695585	0.072230
116.250000	1.613462	0.065549
116.000000	1.516849	0.075939
115.750000	1.419406	0.068553
115.500000	1.330839	0.061553
115.250000	1.261716	0.052251
115.000000	1.207559	0.062115
114.750000	1.138091	0.059505
114.500000	1.069495	0.072306
114.250000	0.984292	0.070025
114.000000	0.942100	0.083372
113.750000	0.916263	0.080292
113.500000	0.869897	0.072095
113.250000	0.782353	0.074334
113.000000	0.727334	0.078809
112.750000	0.673268	0.081807
112.500000	0.648454	0.068925
112.250000	0.621998	0.061910
112.000000	0.584518	0.056310
111.750000	0.537311	0.058683
111.500000	0.484126	0.060283
111.250000	0.484815	0.080981
111.000000	0.470265	0.083866
110.750000	0.418023	0.064513
110.500000	0.398700	0.073432
110.250000	0.374879	0.070334
110.000000	0.376196	0.074583
109.750000	0.344036	0.060071
109.500000	0.308471	0.053886
109.250000	0.290790	0.071103
109.000000	0.286737	0.068472
108.750000	0.287406	0.073147
108.500000	0.278226	0.081712
108.250000	0.230107	0.069553
108.000000	0.225983	0.064359
107.750000	0.219620	0.072896
107.500000	0.220826	0.072707
107.250000	0.210481	0.074145
107.000000	0.183995	0.059283
106.750000	0.154589	0.062824
106.500000	0.165401	0.064278
106.250000	0.153991	0.077388
106.000000	0.175240	0.076620
105.750000	0.172939	0.073632
105.500000	0.145855	0.078013
105.250000	0.131659	0.080050
105.000000	0.118315	0.060672
104.750000	0.132541	0.058151
104.500000	0.149362	0.056402
104.250000	0.130160	0.061506
104.000000	0.119034	0.072338
103.750000	0.103865	0.071263
103.500000	0.128943	0.074230
103.250000	0.130656	0.077400
103.000000	0.117220	0.063866
102.750000	0.094492	0.068614
102.500000	0.107807	0.063167
102.250000	0.100238	0.060098
102.000000	0.089162	0.057363
101.750000	0.092466	0.052226
101.500000	0.108314	0.052521
101.250000	0.102416	0.059140
101.000000	0.077894	0.063802
100.750000	0.073578	0.054428
100.500000	0.095667	0.079593
100.250000	0.091766	0.065727
100.000000	0.095495	0.062228
99.750000	0.092050	0.061379
99.500000	0.079445	0.061955
99.250000	0.086639	0.055780
99.000000	0.086508	0.051978
98.750000	0.074662	0.050626
98.500000	0.068541	0.059650
98.250000	0.076911	0.062388
98.000000	0.074155	0.062094
97.750000	0.087146	0.061201
97.500000	0.075705	0.063082
97.250000	0.083244	0.061626
97.000000	0.106875	0.049740
96.750000	0.096944	0.064069
96.500000	0.074874	0.069318
96.250000	0.063536	0.070909
96.000000	0.090297	0.072237
95.750000	0.095505	0.064937
95.500000	0.077743	0.047221
95.250000	0.083620	0.056926
95.000000	0.090216	0.058408
94.750000	0.101889	0.056378
94.500000	0.084988	0.053339
94.250000	0.086244	0.053771
94.000000	0.079222	0.054751
93.750000	0.082697	0.062721
93.500000	0.084602	0.072875
93.250000	0.089254	0.055439
93.000000	0.076141	0.065925
92.750000	0.075979	0.055202
92.500000	0.075747	0.047839
92.250000	0.085616	0.049388
92.000000	0.084532	0.042322
91.750000	0.089335	0.047089
91.500000	0.088605	0.053769
91.250000	0.076861	0.054058
91.000000	0.077418	0.064145
90.750000	0.082798	0.063069
90.500000	0.090247	0.053362
90.250000	0.084582	0.062837
90.000000	0.090084	0.065682
