#lab INRiM MiCa
#hv keithley6487
#s CNTArO2Etching_AsGrown
#t 2.7 
#d 0.5
#N 20
#dbm 2
#
#Voltage	Current	SD
#V	pA	pA
90.000000	0.158718	1.196870
90.200000	0.215740	1.059768
90.400000	0.269968	1.107501
90.600000	0.249300	1.051847
90.800000	0.187940	0.970174
91.000000	0.171861	1.202653
91.200000	0.149835	0.923499
91.400000	0.129132	1.244571
91.600000	0.178648	1.040641
91.800000	0.107095	1.190986
92.000000	0.135068	0.997901
92.200000	0.258600	1.094299
92.400000	0.175460	1.122658
92.600000	0.201813	0.970245
92.800000	0.121688	1.081969
93.000000	0.237027	1.130373
93.200000	0.147833	1.026143
93.400000	0.167770	1.113257
93.600000	0.227906	0.915944
93.800000	0.210820	1.202105
94.000000	0.150442	0.904114
94.200000	0.151669	1.175952
94.400000	0.212321	0.960937
94.600000	0.127198	1.182202
94.800000	0.180235	1.055936
95.000000	0.157101	1.138544
95.200000	0.168327	0.920763
95.400000	0.141292	1.207044
95.600000	0.198431	0.914721
95.800000	0.182199	1.133754
96.000000	0.158193	0.905757
96.200000	0.157537	1.081893
96.400000	0.191445	0.975679
96.600000	0.151536	1.131320
96.800000	0.084314	0.984139
97.000000	0.209143	1.077796
97.200000	0.133365	0.984724
97.400000	0.144608	1.110609
97.600000	0.082544	0.875964
97.800000	0.145186	1.088741
98.000000	0.101686	0.885770
98.200000	0.094895	1.152726
98.400000	0.142366	0.894641
98.600000	0.200734	1.083649
98.800000	0.119399	1.083172
99.000000	0.236757	0.985148
99.200000	0.133585	1.091092
99.400000	0.106327	1.138738
99.600000	0.093659	0.908898
99.800000	0.142711	1.127259
100.000000	0.267963	1.013951
100.200000	0.170880	1.201548
100.400000	0.149380	0.900402
100.600000	0.157346	1.114756
100.800000	0.133568	1.005829
101.000000	0.134322	1.087052
101.200000	0.184198	1.097343
101.400000	0.140076	0.923717
101.600000	0.250312	1.027828
101.800000	0.301066	1.082331
102.000000	0.202433	0.916170
102.200000	0.121755	1.220235
102.400000	0.124145	0.977140
102.600000	0.173644	1.188554
102.800000	0.166413	0.917302
103.000000	0.143543	1.138957
103.200000	0.125387	0.892634
103.400000	0.142182	1.222779
103.600000	0.156125	0.991073
103.800000	0.213648	1.170891
104.000000	0.131742	1.047372
104.200000	0.191459	0.910216
104.400000	0.156568	1.012729
104.600000	0.322506	1.113414
104.800000	0.201995	0.980470
105.000000	0.129370	1.076505
105.200000	0.101146	0.954051
105.400000	0.187810	1.198344
105.600000	0.157784	1.024247
105.800000	0.145639	1.173780
106.000000	0.130857	0.937805
106.200000	0.086286	1.094190
106.400000	0.129805	1.105749
106.600000	0.240396	1.036165
106.800000	0.227194	1.048996
107.000000	0.140707	1.164763
107.200000	0.193604	1.011478
107.400000	0.192352	1.087310
107.600000	0.174111	0.950920
107.800000	0.151090	1.210687
108.000000	0.156032	1.015648
108.200000	0.135407	1.142530
108.400000	0.172981	1.076824
108.600000	0.147291	1.152090
108.800000	0.097237	0.874056
109.000000	0.108483	1.131076
109.200000	0.164119	0.961946
109.400000	0.265519	1.091183
109.600000	0.208687	1.056628
109.800000	0.126150	0.995273
110.000000	0.207798	0.983604
110.200000	0.251042	1.051510
110.400000	-0.011333	1.130375
110.600000	0.083986	1.060531
110.800000	0.136453	1.035264
111.000000	0.135171	0.926461
111.200000	0.102883	1.025597
111.400000	0.140501	0.934084
111.600000	0.128031	1.054034
111.800000	0.098076	0.950928
112.000000	0.208971	1.063377
112.200000	0.133023	0.944337
112.400000	0.043604	1.173812
112.600000	0.146582	0.917821
112.800000	0.184444	1.181115
113.000000	0.085035	0.913048
113.200000	0.139633	1.125871
113.400000	0.101240	0.876844
113.600000	0.031740	1.160214
113.800000	0.116596	0.962142
114.000000	0.150561	1.257613
114.200000	-0.047589	0.888330
114.400000	-0.051144	1.185409
114.600000	0.019849	1.047534
114.800000	0.150022	1.021765
115.000000	0.104400	1.176522
115.200000	0.121265	1.008974
115.400000	0.017930	1.157905
115.600000	-0.030379	1.096300
115.800000	-0.006227	1.123224
116.000000	-0.045043	1.126471
116.200000	-0.072811	0.963668
116.400000	-0.034912	1.197074
116.600000	-0.004203	0.936915
116.800000	0.070243	1.173897
117.000000	-0.069551	1.047176
117.200000	-0.123450	1.148765
117.400000	-0.089734	0.953797
117.600000	-0.068985	1.053375
117.800000	-0.056439	1.023930
118.000000	-0.135016	0.997876
118.200000	-0.227631	1.112844
118.400000	-0.212944	0.910113
118.600000	-0.193356	1.198046
118.800000	-0.248879	1.059992
119.000000	-0.297941	1.049890
119.200000	-0.255184	1.199646
119.400000	-0.290118	0.999290
119.600000	-0.349900	1.059111
119.800000	-0.458847	1.015147
120.000000	-0.373055	1.122993
120.200000	-0.461600	0.929839
120.400000	-0.570198	1.123803
120.600000	-0.545228	0.972826
120.800000	-0.510395	1.156920
121.000000	-0.596956	1.045164
121.200000	-0.693799	1.208509
121.400000	-0.769404	0.982023
121.600000	-0.697200	1.127549
121.800000	-0.817231	0.898914
122.000000	-0.839258	1.110208
122.200000	-1.011720	0.957876
122.400000	-1.080433	1.201069
122.600000	-1.045835	0.990475
122.800000	-1.187813	0.995875
123.000000	-1.159286	1.188966
123.200000	-1.318949	0.940761
123.400000	-1.470509	1.143739
123.600000	-1.511760	1.156892
123.800000	-1.586288	0.991702
124.000000	-1.621439	1.198949
124.200000	-1.737432	0.919429
124.400000	-1.885272	1.194857
124.600000	-2.043165	0.979869
124.800000	-2.115048	0.989011
125.000000	-2.180335	1.170187
125.200000	-2.385630	0.959924
125.400000	-2.550524	1.244885
125.600000	-2.548538	0.973384
125.800000	-2.768667	1.076303
126.000000	-2.884569	1.171704
126.200000	-3.077715	0.878933
126.400000	-3.327808	1.112071
126.600000	-3.477593	1.102528
126.800000	-3.712800	1.109072
127.000000	-3.966795	1.149086
127.200000	-4.269194	0.905815
127.400000	-4.462359	1.238211
127.600000	-4.612236	1.059194
127.800000	-4.751240	1.134654
128.000000	-5.081728	1.192828
128.200000	-5.485184	1.153597
128.400000	-5.691745	1.130527
128.600000	-6.198000	1.032556
128.800000	-6.501526	1.256262
129.000000	-6.765248	0.996970
129.200000	-7.068993	1.163014
129.400000	-7.407222	1.024120
129.600000	-7.902421	1.216268
129.800000	-8.233901	1.067573
130.000000	-8.434363	1.216190
130.200000	-8.857132	1.112190
130.400000	-9.269210	1.081937
130.600000	-9.842991	1.177923
130.800000	-10.255920	0.960536
131.000000	-10.853120	1.196987
131.200000	-11.588630	0.917473
131.400000	-12.023110	1.070335
131.600000	-12.633030	1.052016
131.800000	-13.537350	1.113628
132.000000	-14.111240	1.036878
132.200000	-14.799650	1.201218
132.400000	-15.425360	0.981170
132.600000	-16.218860	1.165951
132.800000	-16.888240	0.917171
133.000000	-17.778860	1.195725
133.200000	-18.432550	1.046270
133.400000	-19.223470	1.224514
133.600000	-20.012070	1.021202
133.800000	-20.603910	1.256557
134.000000	-21.610150	1.068327
134.200000	-22.657240	1.032937
134.400000	-23.565010	1.225415
134.600000	-24.462470	0.920942
134.800000	-25.266790	1.104541
135.000000	-26.657980	1.083770
135.200000	-27.704610	1.049179
135.400000	-29.176810	1.144692
135.600000	-30.447190	1.107642
135.800000	-31.992980	1.203264
136.000000	-33.647280	1.099315
136.200000	-34.749610	1.169909
136.400000	-36.246570	0.986414
136.600000	-37.742430	1.017198
136.800000	-39.145830	1.167477
137.000000	-40.666100	1.004743
137.200000	-42.205990	1.068837
137.400000	-44.600320	1.144930
137.600000	-46.592620	1.067871
137.800000	-48.493140	1.006781
138.000000	-50.553390	1.158040
138.200000	-52.106050	1.159961
138.400000	-54.006000	1.127567
138.600000	-56.113350	0.981347
138.800000	-58.243970	1.215218
139.000000	-60.366510	1.293145
139.200000	-62.741770	0.935326
139.400000	-65.256790	1.196080
139.600000	-67.844030	1.148457
139.800000	-70.892410	0.944349
140.000000	-74.306410	1.260796
140.200000	-76.565090	1.036334
140.400000	-79.323360	0.954067
140.600000	-82.027360	1.215575
140.800000	-85.578380	1.136006
141.000000	-89.013490	0.943133
141.200000	-91.432740	1.273339
141.400000	-94.760780	1.082301
141.600000	-97.984700	0.983649
141.800000	-101.554100	1.210159
142.000000	-105.814200	0.942990
142.200000	-109.345900	1.088056
142.400000	-113.568800	1.142610
142.600000	-117.854300	0.937275
142.800000	-121.739900	1.109469
143.000000	-133.488900	1.143011
143.200000	-140.790800	0.958911
143.400000	-147.092900	1.102797
143.600000	-153.751500	1.112363
143.800000	-162.039200	1.046316
144.000000	-167.982300	1.117175
144.200000	-173.020500	1.053296
144.400000	-180.107500	1.143482
144.600000	-186.362100	1.033059
144.800000	-191.216800	1.015845
145.000000	-197.574200	1.201477
145.200000	-203.484500	0.967733
145.400000	-211.066000	1.143489
145.600000	-217.698100	1.248659
145.800000	-225.471600	0.974499
146.000000	-233.525800	1.071984
146.200000	-240.226000	1.203909
146.400000	-249.455100	0.974527
146.600000	-258.147800	1.061608
146.800000	-265.471500	1.185929
147.000000	-274.788300	1.090756
147.200000	-282.576700	1.017615
147.400000	-290.895300	1.197862
147.600000	-299.498200	1.134742
147.800000	-309.608500	0.977412
148.000000	-320.067300	1.212796
148.200000	-330.259300	1.138619
148.400000	-344.397600	1.145659
148.600000	-355.768700	1.153507
148.800000	-366.905300	1.074348
149.000000	-379.433400	1.095546
149.200000	-390.218100	1.088186
149.400000	-401.697600	0.988753
149.600000	-412.586500	1.031728
149.800000	-425.634300	1.154065
150.000000	-437.825700	1.231744
150.000000	-437.907900	1.058466
149.800000	-425.419000	1.116619
149.600000	-412.635100	1.143134
149.400000	-401.496100	1.019621
149.200000	-390.120600	1.219100
149.000000	-379.057500	1.176463
148.800000	-366.324800	0.970029
148.600000	-355.402300	1.238956
148.400000	-344.032400	1.003332
148.200000	-329.832800	0.953353
148.000000	-319.504700	1.175122
147.800000	-309.167200	0.921727
147.600000	-299.112100	1.162678
147.400000	-290.552200	1.132404
147.200000	-282.269500	0.909630
147.000000	-274.549200	1.090285
146.800000	-265.141700	1.084607
146.600000	-257.675200	0.982166
146.400000	-249.042700	1.030648
146.200000	-239.653200	1.185731
146.000000	-233.145500	1.072259
145.800000	-225.107300	0.905558
145.600000	-217.326300	1.210547
145.400000	-210.559500	1.224307
145.200000	-203.110800	0.940168
145.000000	-197.412900	1.127191
144.800000	-190.882400	1.202199
144.600000	-186.045300	0.986309
144.400000	-179.851000	1.207846
144.200000	-172.563700	1.081313
144.000000	-167.691200	0.960009
143.800000	-161.780800	1.152661
143.600000	-153.344800	1.066405
143.400000	-146.973500	1.032129
143.200000	-140.492100	1.041608
143.000000	-133.270600	1.247964
142.800000	-121.567000	1.154256
142.600000	-117.517400	0.998361
142.400000	-113.413000	1.245589
142.200000	-109.097400	1.177092
142.000000	-105.342600	0.951444
141.800000	-101.473900	1.066127
141.600000	-97.802750	1.170129
141.400000	-94.554710	0.999325
141.200000	-91.261270	1.010904
141.000000	-88.651820	1.047221
140.800000	-85.400450	0.945604
140.600000	-81.851470	1.150343
140.400000	-79.219940	1.099892
140.200000	-76.560310	0.926201
140.000000	-74.049160	1.190773
139.800000	-70.526450	1.080944
139.600000	-67.409000	0.995056
139.400000	-65.085710	1.248206
139.200000	-62.541410	1.044713
139.000000	-60.331170	1.032016
138.800000	-58.167680	1.172491
138.600000	-56.045550	1.081083
138.400000	-53.838930	0.937039
138.200000	-51.912960	1.149775
138.000000	-50.325560	1.145878
137.800000	-48.412480	1.020034
137.600000	-46.387830	1.199050
137.400000	-44.626450	0.992709
137.200000	-41.958020	0.963825
137.000000	-40.512760	1.177294
136.800000	-38.952020	0.978902
136.600000	-37.633520	0.956811
136.400000	-36.200890	1.188974
136.200000	-34.670460	0.972004
136.000000	-33.497950	1.154534
135.800000	-31.832960	1.105929
135.600000	-30.231810	1.035058
135.400000	-29.032450	1.154176
135.200000	-27.616990	1.169201
135.000000	-26.704690	0.997291
134.800000	-25.259440	1.237448
134.600000	-24.427390	1.106000
134.400000	-23.336100	0.952350
134.200000	-22.484420	1.062655
134.000000	-21.569940	1.117516
133.800000	-20.608830	0.935901
133.600000	-20.047380	1.122372
133.400000	-19.229880	1.138383
133.200000	-18.427020	1.015689
133.000000	-17.806030	1.017886
132.800000	-16.674520	1.216492
132.600000	-16.095850	0.984613
132.400000	-15.356790	0.950131
132.200000	-14.698440	1.208539
132.000000	-14.039500	1.073735
