#lab INRiM MiCa
#hv keithley6487
#s CNTArO2Etching_N1new_b
#t 2.7 
#d 1.5
#N 20
#dbm 2
#
#Voltage	Current	SD
#V	pA	pA
190.000000	0.084025	0.332199
190.250000	0.069702	0.451010
190.500000	0.044205	0.508953
190.750000	0.030385	0.209325
191.000000	0.040802	0.463813
191.250000	0.032815	0.263938
191.500000	0.063259	0.427992
191.750000	0.117829	0.316842
192.000000	0.121533	0.406118
192.250000	0.134296	0.274540
192.500000	0.142389	0.341725
192.750000	0.091145	0.412918
193.000000	0.101935	0.187116
193.250000	0.109149	0.443322
193.500000	0.083189	0.196196
193.750000	0.114673	0.412254
194.000000	0.103302	0.225937
194.250000	0.105950	0.388369
194.500000	0.106260	0.229829
194.750000	0.093729	0.395106
195.000000	0.094170	0.271312
195.250000	0.095799	0.335646
195.500000	0.118491	0.194160
195.750000	0.117212	0.280334
196.000000	0.083637	0.369314
196.250000	0.116427	0.129365
196.500000	0.123157	0.349726
196.750000	0.119678	0.193700
197.000000	0.114942	0.290216
197.250000	0.123188	0.345145
197.500000	0.095065	0.183492
197.750000	0.090276	0.327841
198.000000	0.106536	0.175399
198.250000	0.078241	0.267524
198.500000	0.103693	0.321156
198.750000	0.123124	0.168013
199.000000	0.107430	0.349299
199.250000	0.131606	0.138032
199.500000	0.122702	0.320957
199.750000	0.118677	0.124203
200.000000	0.148065	0.307438
200.250000	0.110120	0.250162
200.500000	0.140835	0.172967
200.750000	0.164134	0.364156
201.000000	0.155197	0.087724
201.250000	0.168694	0.334146
201.500000	0.139012	0.185626
201.750000	0.119167	0.284395
202.000000	0.124561	0.210719
202.250000	0.124576	0.329477
202.500000	0.085959	0.360027
202.750000	0.120307	0.155957
203.000000	0.125751	0.338999
203.250000	0.112799	0.156615
203.500000	0.100197	0.330643
203.750000	0.147007	0.180499
204.000000	0.161236	0.368374
204.250000	0.188867	0.136987
204.500000	0.146880	0.297659
204.750000	0.184531	0.116366
205.000000	0.156863	0.266360
205.250000	0.181499	0.183039
205.500000	0.156721	0.268676
205.750000	0.143102	0.250139
206.000000	0.166564	0.144467
206.250000	0.145360	0.309020
206.500000	0.148042	0.128637
206.750000	0.144693	0.245420
207.000000	0.113539	0.142500
207.250000	0.164450	0.302913
207.500000	0.132559	0.126406
207.750000	0.143539	0.246302
208.000000	0.156228	0.153266
208.250000	0.145487	0.186281
208.500000	0.077736	0.236141
208.750000	0.116778	0.235272
209.000000	0.078512	0.342182
209.250000	0.123361	0.321592
209.500000	0.182943	0.304809
209.750000	0.226147	0.376524
210.000000	0.171179	0.277527
210.250000	0.181759	0.284746
210.500000	0.148321	0.279832
210.750000	0.106798	0.232026
211.000000	0.158880	0.237067
211.250000	0.210405	0.242981
211.500000	0.223375	0.256029
211.750000	0.262215	0.197562
212.000000	0.236610	0.179720
212.250000	0.263372	0.124281
212.500000	0.238871	0.173272
212.750000	0.185747	0.108139
213.000000	0.227359	0.183565
213.250000	0.209678	0.180179
213.500000	0.229275	0.142303
213.750000	0.274556	0.223147
214.000000	0.257767	0.165954
214.250000	0.283758	0.178665
214.500000	0.322950	0.218820
214.750000	0.324145	0.206464
215.000000	0.306088	0.268273
215.250000	0.361889	0.220132
215.500000	0.324895	0.234030
215.750000	0.382742	0.226186
216.000000	0.427376	0.227605
216.250000	0.421670	0.271587
216.500000	0.440811	0.217901
216.750000	0.419664	0.254075
217.000000	0.379722	0.204109
217.250000	0.405855	0.149157
217.500000	0.446598	0.149201
217.750000	0.410141	0.138517
218.000000	0.444034	0.147156
218.250000	0.443143	0.142253
218.500000	0.433851	0.119237
218.750000	0.493096	0.128385
219.000000	0.433081	0.178060
219.250000	0.464056	0.167392
219.500000	0.558004	0.177263
219.750000	0.545247	0.175614
220.000000	0.530798	0.220966
220.250000	0.517140	0.216091
220.500000	0.473428	0.192282
220.750000	0.514414	0.174397
221.000000	0.557599	0.145134
221.250000	0.566303	0.159483
221.500000	0.580954	0.123661
221.750000	0.635801	0.126192
222.000000	0.655488	0.163239
222.250000	0.624189	0.205973
222.500000	0.692411	0.183112
222.750000	0.668863	0.222715
223.000000	0.737906	0.212771
223.250000	0.678742	0.240858
223.500000	0.669309	0.244417
223.750000	0.728452	0.216984
224.000000	0.715807	0.208542
224.250000	0.724399	0.164938
224.500000	0.794809	0.137473
224.750000	0.872363	0.170870
225.000000	0.995827	0.149416
225.250000	1.137489	0.108875
225.500000	1.238965	0.176043
225.750000	1.282828	0.171012
226.000000	1.407143	0.149674
226.250000	1.474362	0.212057
226.500000	1.509015	0.150387
226.750000	1.536707	0.179219
227.000000	1.537072	0.190367
227.250000	1.591665	0.195605
227.500000	1.687964	0.141910
227.750000	1.736235	0.150522
228.000000	1.810932	0.164715
228.250000	1.894393	0.171558
228.500000	1.890543	0.201852
228.750000	2.004047	0.193058
229.000000	2.093009	0.255715
229.250000	2.156064	0.182875
229.500000	2.288079	0.196433
229.750000	2.368024	0.163159
230.000000	2.485165	0.159552
230.250000	2.531227	0.192033
230.500000	2.615346	0.188442
230.750000	2.770576	0.217317
231.000000	2.878861	0.232924
231.250000	2.965585	0.158586
231.500000	3.153319	0.217184
231.750000	3.246051	0.204123
232.000000	3.429652	0.220938
232.250000	3.609472	0.167235
232.500000	3.687876	0.208743
232.750000	3.838718	0.183600
233.000000	3.958260	0.186067
233.250000	4.091055	0.229985
233.500000	4.295568	0.195708
233.750000	4.456056	0.209628
234.000000	4.613170	0.157716
234.250000	4.731983	0.225040
234.500000	4.848710	0.201549
234.750000	5.050042	0.184467
235.000000	5.194043	0.185678
235.250000	5.355291	0.154211
235.500000	5.563866	0.166418
235.750000	5.717313	0.183637
236.000000	5.893851	0.218671
236.250000	6.215565	0.256358
236.500000	6.400199	0.232519
236.750000	6.652516	0.193105
237.000000	6.856311	0.235570
237.250000	6.931302	0.219682
237.500000	7.102855	0.181767
237.750000	7.287984	0.161031
238.000000	7.433811	0.162994
238.250000	7.685815	0.221188
238.500000	7.864206	0.212990
238.750000	8.025596	0.237245
239.000000	8.252166	0.188095
239.250000	8.454165	0.167431
239.500000	8.631969	0.190958
239.750000	8.858215	0.169249
240.000000	8.981559	0.183900
240.250000	9.146292	0.229148
240.500000	9.413472	0.212164
240.750000	9.641951	0.229814
241.000000	9.893043	0.200291
241.250000	10.255330	0.217388
241.500000	10.590870	0.191789
241.750000	11.015360	0.160418
242.000000	11.368440	0.225167
242.250000	11.637590	0.123511
242.500000	11.933710	0.176548
242.750000	12.301420	0.209408
243.000000	12.539600	0.213959
243.250000	12.910200	0.267685
243.500000	13.191930	0.226142
243.750000	13.449120	0.265024
244.000000	13.910280	0.223373
244.250000	14.214960	0.303961
244.500000	14.622480	0.246272
244.750000	14.968060	0.345733
245.000000	15.223510	0.288798
245.250000	15.603070	0.202455
245.500000	16.016620	0.326815
245.750000	16.380410	0.242645
246.000000	16.815430	0.286060
246.250000	17.293860	0.286239
246.500000	17.768390	0.186383
246.750000	18.327680	0.288170
247.000000	18.805860	0.257103
247.250000	19.233710	0.307929
247.500000	19.657560	0.287873
247.750000	20.178570	0.242971
248.000000	20.610000	0.230922
248.250000	21.063570	0.221958
248.500000	21.572550	0.215674
248.750000	22.066060	0.222543
249.000000	22.656820	0.219902
249.250000	23.473500	0.252902
249.500000	24.415700	0.242770
249.750000	25.559110	0.270752
250.000000	26.663470	0.227373
250.250000	27.466750	0.259468
250.500000	28.296830	0.241785
250.750000	28.877880	0.279728
251.000000	29.547510	0.242791
251.250000	30.258250	0.267792
251.500000	30.981640	0.210988
251.750000	31.685750	0.237777
252.000000	32.527920	0.239574
252.250000	33.553360	0.162134
252.500000	34.341320	0.248550
252.750000	35.069700	0.190483
253.000000	35.804800	0.332618
253.250000	36.454450	0.252126
253.500000	37.221940	0.188289
253.750000	37.933590	0.248230
254.000000	38.827480	0.224678
254.250000	39.618670	0.141781
254.500000	40.631590	0.212144
254.750000	41.547020	0.154673
255.000000	42.551440	0.174436
255.250000	43.568560	0.213485
255.500000	44.661030	0.168861
255.750000	45.649050	0.250681
256.000000	46.851770	0.173271
256.250000	48.085010	0.160226
256.500000	49.574850	0.158905
256.750000	51.118450	0.119446
257.000000	52.989440	0.142139
257.250000	54.667030	0.138278
257.500000	56.472300	0.161702
257.750000	58.265670	0.140998
258.000000	60.461280	0.199748
258.250000	62.928370	0.103655
258.500000	65.255760	0.140070
258.750000	67.585420	0.156755
259.000000	70.057430	0.213030
259.250000	72.793210	0.170333
259.500000	75.300470	0.219201
259.750000	77.687630	0.147335
260.000000	79.851260	0.212040
260.250000	81.942150	0.186568
260.500000	84.042000	0.176581
260.750000	86.164810	0.262134
261.000000	88.390250	0.160204
261.250000	90.740480	0.240047
261.500000	93.157650	0.175839
261.750000	95.767800	0.158101
262.000000	98.590680	0.253553
262.250000	101.354500	0.179833
262.500000	103.882900	0.282314
262.750000	106.492600	0.185899
263.000000	108.956900	0.285139
263.250000	111.870500	0.166960
263.500000	114.481100	0.274963
263.750000	117.644600	0.142393
264.000000	121.436500	0.237665
264.250000	126.765200	0.263889
264.500000	133.679100	0.211377
264.750000	142.301100	0.299604
265.000000	149.890700	0.264881
265.250000	155.911600	0.269247
265.500000	161.131500	0.381398
265.750000	165.495400	0.196345
266.000000	169.608000	0.344372
266.250000	173.502000	0.285503
266.500000	177.055500	0.365599
266.750000	180.645300	0.363043
267.000000	183.988000	0.296146
267.250000	187.483100	0.306070
267.500000	190.864600	0.203377
267.750000	194.591000	0.238977
268.000000	198.445100	0.221872
268.250000	202.748300	0.332507
268.500000	207.483700	0.260457
268.750000	212.937800	0.198856
269.000000	217.618100	0.252959
269.250000	222.108100	0.250073
269.500000	225.758400	0.186429
269.750000	229.764700	0.260363
270.000000	233.413900	0.244012
270.250000	237.513700	0.275898
270.500000	241.372100	0.235965
270.750000	245.802200	0.218336
271.000000	249.790400	0.276627
271.250000	254.857200	0.152898
271.500000	259.917800	0.260216
271.750000	265.399900	0.349440
272.000000	271.080500	0.160617
272.250000	276.731300	0.229665
272.500000	282.257200	0.185706
272.750000	288.403100	0.192310
273.000000	295.041500	0.215284
273.250000	302.075400	0.125243
273.500000	309.446100	0.315100
273.750000	316.476300	0.154514
274.000000	323.505200	0.195596
274.250000	330.508300	0.264946
274.500000	337.302300	0.223833
274.750000	343.857100	0.500078
275.000000	351.375100	0.202424
275.250000	366.701000	3.466860
275.500000	386.355800	2.564736
275.750000	396.883600	3.654911
276.000000	409.767500	0.541539
276.250000	419.029200	0.269962
276.500000	427.101900	0.446821
276.750000	436.740900	0.261955
277.000000	445.310800	0.210038
277.250000	454.714000	0.598946
277.500000	462.145900	0.566191
277.750000	469.823200	0.455350
278.000000	477.162100	0.585253
278.250000	486.327800	0.101013
278.500000	494.859800	0.639309
278.750000	503.637900	0.403021
279.000000	511.759500	0.362786
279.250000	521.073900	0.354654
279.500000	530.954300	0.252062
279.750000	539.337200	0.139963
280.000000	551.084600	0.245448
280.250000	559.529300	0.948049
280.500000	570.609800	0.642416
280.750000	583.729200	0.852761
281.000000	594.553700	1.104258
281.250000	607.898800	0.904716
281.500000	620.545700	0.747148
281.750000	635.414100	0.926346
282.000000	649.921900	0.825931
282.250000	662.791100	0.805442
282.500000	676.066600	0.524019
282.750000	688.509900	0.526034
283.000000	699.718300	1.338030
283.250000	707.538200	0.719365
283.500000	717.208500	1.556223
283.750000	725.692500	1.106519
284.000000	735.476600	0.958479
284.250000	746.057400	1.175899
284.500000	758.223900	0.604387
284.750000	768.757100	0.834066
285.000000	780.514000	1.365161
285.250000	791.871500	0.862517
285.500000	804.596300	0.829189
285.750000	818.162500	1.082134
286.000000	830.780700	1.066104
286.250000	846.579100	0.638528
286.500000	862.112600	1.110321
286.750000	880.820300	1.174627
287.000000	898.012600	2.582057
287.250000	914.612100	3.099027
287.500000	931.607900	4.262301
287.750000	946.441300	1.930340
288.000000	962.081500	1.934148
288.250000	977.963600	1.595348
288.500000	993.403000	1.793639
288.750000	1008.634000	1.787007
289.000000	1026.541000	2.071948
289.250000	1046.629000	1.513545
289.500000	1067.113000	1.264074
289.750000	1086.563000	2.309918
290.000000	1110.446000	1.795439
290.250000	1128.568000	1.400629
290.500000	1145.937000	1.437509
290.750000	1163.521000	2.624171
291.000000	1179.400000	1.893166
291.250000	1197.905000	1.629595
291.500000	1216.816000	1.891882
291.750000	1240.115000	1.885944
292.000000	1262.298000	2.409969
292.250000	1284.662000	2.222897
292.500000	1305.732000	5.306048
292.750000	1326.978000	3.425234
293.000000	1346.443000	2.252028
293.250000	1369.770000	2.312183
293.500000	1394.347000	1.882369
293.750000	1426.739000	2.197082
294.000000	1466.153000	1.875665
294.250000	1525.592000	3.148198
294.500000	1599.714000	4.955183
294.750000	1678.866000	2.462780
295.000000	1753.333000	2.485908
295.000000	1753.719000	2.029575
294.750000	1679.100000	1.709327
294.500000	1592.901000	2.025353
294.250000	1517.537000	1.907494
294.000000	1461.161000	0.917372
293.750000	1419.935000	1.909527
293.500000	1386.698000	2.967414
293.250000	1365.227000	3.896865
293.000000	1340.600000	1.724718
292.750000	1319.375000	1.602406
292.500000	1297.267000	2.013096
292.250000	1279.736000	4.297358
292.000000	1254.222000	0.570162
291.750000	1229.811000	0.522515
291.500000	1208.585000	1.348193
291.250000	1189.555000	1.028634
291.000000	1173.040000	0.470741
290.750000	1156.141000	1.266618
290.500000	1139.872000	2.104585
290.250000	1125.226000	0.404641
290.000000	1107.897000	0.440709
289.750000	1091.122000	0.387936
289.500000	1069.634000	1.292593
289.250000	1051.275000	1.212844
289.000000	1035.171000	0.290561
288.750000	1022.369000	2.065567
288.500000	1006.641000	0.280731
288.250000	983.048900	0.314066
288.000000	964.744100	0.272528
287.750000	944.083800	0.813878
287.500000	924.742900	0.495963
287.250000	905.264800	0.318127
287.000000	888.295700	0.358202
286.750000	872.148700	0.327177
286.500000	857.877500	0.262387
286.250000	844.917800	0.335399
286.000000	837.568500	0.267110
285.750000	825.153400	0.418089
285.500000	811.085800	0.666748
285.250000	797.628700	0.286668
285.000000	784.462200	0.270527
284.750000	772.540800	0.561440
284.500000	760.402100	0.990713
284.250000	749.691200	1.244155
284.000000	739.364000	0.320411
283.750000	728.197000	0.242217
283.500000	717.036300	0.209159
283.250000	705.428500	0.237380
283.000000	692.885400	0.303787
282.750000	680.257000	0.371056
282.500000	667.068900	0.316561
282.250000	652.917100	0.307960
282.000000	639.289800	0.233427
281.750000	626.028200	0.197996
281.500000	614.214900	0.248137
281.250000	602.694800	0.168025
281.000000	591.729900	0.228874
280.750000	581.477500	0.204037
280.500000	571.379800	0.560466
280.250000	562.677700	0.396029
280.000000	554.298600	0.323021
279.750000	545.412800	0.249372
279.500000	536.097400	0.265512
279.250000	526.250500	0.322052
279.000000	516.000500	0.215821
278.750000	506.389800	0.200108
278.500000	497.320700	0.145811
278.250000	488.968200	0.205321
278.000000	480.556200	0.307246
277.750000	472.473900	0.275939
277.500000	464.220000	0.280633
277.250000	456.117400	0.249493
277.000000	446.251300	0.403669
276.750000	435.583500	0.218874
276.500000	424.061900	0.347634
276.250000	412.154800	0.653901
276.000000	404.772100	3.548644
275.750000	388.314500	2.773680
275.500000	375.065400	0.931924
275.250000	363.151700	0.324309
275.000000	352.870100	1.132063
274.750000	343.208400	0.403110
274.500000	335.102400	0.175278
274.250000	327.032800	0.176586
274.000000	318.421500	0.231128
273.750000	309.843000	0.278588
273.500000	301.841000	0.277943
273.250000	295.047700	0.180330
273.000000	289.104800	0.195787
272.750000	283.858000	0.225471
272.500000	278.776200	0.198003
272.250000	273.850600	0.173603
272.000000	268.699300	0.138065
271.750000	263.459800	0.206629
271.500000	258.180100	0.140992
271.250000	253.361900	0.164264
271.000000	248.758200	0.179925
270.750000	244.553400	0.133837
270.500000	240.005800	0.186762
270.250000	236.034700	0.195446
270.000000	232.063800	0.180638
269.750000	228.264400	0.328572
269.500000	224.199700	0.269669
269.250000	220.201300	0.207043
269.000000	215.572000	0.221214
268.750000	210.816900	0.150321
268.500000	205.637100	0.230640
268.250000	201.271800	0.210207
268.000000	197.311000	0.225840
267.750000	193.889700	0.249530
267.500000	190.240700	0.206877
267.250000	201.446600	0.200677
267.000000	197.475300	0.191262
266.750000	193.862300	0.195136
266.500000	189.776100	0.230249
266.250000	185.934600	0.288002
266.000000	181.439900	0.328735
265.750000	176.924200	0.255016
265.500000	171.783100	0.242355
265.250000	166.041700	0.215672
265.000000	158.013900	0.253202
264.750000	149.917000	0.246095
264.500000	141.348200	0.318514
264.250000	134.578300	0.259505
264.000000	128.681500	0.263200
263.750000	124.048800	0.232528
263.500000	120.129600	0.210165
263.250000	116.994100	0.172553
263.000000	113.771900	0.141560
262.750000	110.935700	0.176923
262.500000	107.877200	0.219380
262.250000	105.080400	0.156605
262.000000	101.997300	0.190107
261.750000	98.893410	0.200328
261.500000	95.377970	0.192032
261.250000	91.667420	0.180126
261.000000	88.277110	0.262996
260.750000	85.772780	0.244724
260.500000	83.191110	0.219424
260.250000	81.071780	0.165962
260.000000	78.798020	0.165963
259.750000	76.572120	0.208173
259.500000	73.746630	0.162534
259.250000	71.444500	0.178061
259.000000	69.383880	0.199537
258.750000	67.447140	0.217592
258.500000	65.548210	0.252981
258.250000	63.470760	0.270985
258.000000	61.514820	0.213043
257.750000	59.525790	0.202443
257.500000	57.571390	0.260686
257.250000	55.479410	0.221707
257.000000	53.497580	0.202922
256.750000	51.358220	0.219414
256.500000	49.433070	0.188185
256.250000	47.774040	0.275508
256.000000	46.330440	0.218537
255.750000	45.077490	0.281054
255.500000	43.991810	0.254271
255.250000	42.835910	0.277560
255.000000	41.879240	0.239229
254.750000	40.868970	0.225135
254.500000	39.859670	0.248918
254.250000	38.880600	0.232552
254.000000	37.922170	0.286889
253.750000	36.931100	0.257260
253.500000	36.104170	0.245503
253.250000	35.145380	0.257432
253.000000	34.411740	0.270379
252.750000	33.588400	0.175742
252.500000	32.925580	0.278399
252.250000	32.063140	0.210068
252.000000	31.248840	0.330911
251.750000	30.306460	0.162688
251.500000	29.323500	0.217517
251.250000	28.374980	0.179194
251.000000	27.613000	0.256776
250.750000	26.969500	0.147003
250.500000	26.320270	0.189794
250.250000	25.729420	0.163001
250.000000	25.169020	0.169233
249.750000	24.530460	0.199963
249.500000	23.946210	0.230964
249.250000	23.379830	0.214207
249.000000	22.799580	0.189727
248.750000	22.150810	0.195466
248.500000	21.646900	0.241513
248.250000	21.117250	0.216285
248.000000	20.636100	0.194378
247.750000	20.147310	0.189286
247.500000	19.557940	0.228317
247.250000	19.023270	0.221538
247.000000	18.615310	0.216347
246.750000	18.023840	0.229360
246.500000	17.481230	0.234847
246.250000	16.912420	0.233016
246.000000	16.359840	0.277346
245.750000	15.939120	0.269641
245.500000	15.597740	0.323531
245.250000	15.233460	0.302454
245.000000	14.932400	0.395564
244.750000	14.708760	0.335673
244.500000	14.390860	0.348444
244.250000	13.996200	0.356489
244.000000	13.745780	0.299943
243.750000	13.334860	0.348748
243.500000	13.020890	0.278374
243.250000	12.654550	0.223690
243.000000	12.383090	0.271874
242.750000	12.070220	0.219784
242.500000	11.790670	0.262376
242.250000	11.397100	0.290256
242.000000	11.063030	0.294839
241.750000	10.632930	0.320148
241.500000	10.180840	0.282219
241.250000	9.846712	0.309959
241.000000	9.530468	0.256934
240.750000	9.270278	0.301743
240.500000	9.138629	0.283364
240.250000	8.962222	0.339776
240.000000	8.750758	0.324984
239.750000	8.586674	0.288344
239.500000	8.357681	0.224064
239.250000	8.149164	0.285479
239.000000	7.906370	0.226834
238.750000	7.861635	0.271422
238.500000	7.666575	0.225181
238.250000	7.454331	0.263026
238.000000	7.249788	0.237692
237.750000	7.065873	0.269042
237.500000	6.852150	0.230678
237.250000	6.681782	0.223809
237.000000	6.443680	0.300802
236.750000	6.226096	0.208940
236.500000	6.023184	0.261340
236.250000	5.771657	0.232929
236.000000	5.621445	0.228662
235.750000	5.543890	0.253566
235.500000	5.386179	0.223080
235.250000	5.236067	0.193854
235.000000	5.121378	0.271286
234.750000	4.985400	0.218965
234.500000	4.812156	0.297994
234.250000	4.700234	0.309675
234.000000	4.594673	0.196932
233.750000	4.441005	0.293585
233.500000	4.396898	0.199432
233.250000	4.177572	0.300875
233.000000	3.980860	0.201858
232.750000	3.914695	0.289511
232.500000	3.736577	0.261201
232.250000	3.549553	0.234491
232.000000	3.450407	0.262116
231.750000	3.282148	0.207498
231.500000	3.161167	0.194129
231.250000	3.005928	0.199362
231.000000	2.827901	0.169729
230.750000	2.719616	0.219230
230.500000	2.665042	0.244779
230.250000	2.491727	0.268062
230.000000	2.388873	0.217512
229.750000	2.273039	0.210460
229.500000	2.213035	0.161589
229.250000	2.120039	0.256042
229.000000	2.103919	0.185562
228.750000	1.962824	0.183502
228.500000	1.887570	0.156641
228.250000	1.845906	0.155940
228.000000	1.745099	0.145393
227.750000	1.668051	0.213673
227.500000	1.640045	0.176745
227.250000	1.573364	0.227518
227.000000	1.554355	0.242337
226.750000	1.568703	0.189106
226.500000	1.488778	0.232653
226.250000	1.350369	0.284991
226.000000	1.265287	0.286879
225.750000	1.279675	0.245107
225.500000	1.260302	0.236570
225.250000	1.171714	0.179365
225.000000	1.138712	0.206128
224.750000	1.088537	0.161904
224.500000	1.034663	0.193184
224.250000	1.023993	0.208567
224.000000	0.927614	0.274942
223.750000	0.759821	0.214149
223.500000	0.729089	0.236377
223.250000	0.669764	0.273897
223.000000	0.665417	0.204413
222.750000	0.636600	0.177568
222.500000	0.598087	0.157237
222.250000	0.577721	0.172883
222.000000	0.569179	0.166594
221.750000	0.512052	0.172956
221.500000	0.534313	0.172137
221.250000	0.523158	0.155087
221.000000	0.454419	0.155203
220.750000	0.504696	0.119723
220.500000	0.466882	0.175094
220.250000	0.471077	0.186984
220.000000	0.517605	0.139068
219.750000	0.434671	0.163066
219.500000	0.441551	0.151485
219.250000	0.507240	0.139920
219.000000	0.474725	0.130935
218.750000	0.473033	0.101650
218.500000	0.462464	0.118680
218.250000	0.378568	0.107797
218.000000	0.442149	0.120089
217.750000	0.401761	0.081440
217.500000	0.421985	0.100454
217.250000	0.385863	0.193224
217.000000	0.349710	0.208069
216.750000	0.363176	0.211446
216.500000	0.320336	0.202542
216.250000	0.302817	0.155535
216.000000	0.332951	0.182889
215.750000	0.284923	0.189087
215.500000	0.296980	0.208604
215.250000	0.263979	0.163191
215.000000	0.224604	0.178557
214.750000	0.289016	0.181968
214.500000	0.260889	0.189583
214.250000	0.333448	0.147824
214.000000	0.324825	0.147159
213.750000	0.311501	0.135372
213.500000	0.338513	0.150316
213.250000	0.288784	0.139028
213.000000	0.304226	0.141683
212.750000	0.315260	0.146099
212.500000	0.228220	0.187454
212.250000	0.261507	0.155967
212.000000	0.207530	0.142358
211.750000	0.221879	0.105386
211.500000	0.271711	0.107204
211.250000	0.219051	0.136774
211.000000	0.240928	0.116123
210.750000	0.259633	0.118291
210.500000	0.199576	0.140123
210.250000	0.218779	0.064259
210.000000	0.255965	0.087288
209.750000	0.204917	0.112219
209.500000	0.215405	0.089989
209.250000	0.242114	0.111539
209.000000	0.249966	0.172477
208.750000	0.168224	0.174963
208.500000	0.172166	0.179195
208.250000	0.192189	0.172775
208.000000	0.094610	0.167958
207.750000	0.151609	0.150518
207.500000	0.146157	0.127077
207.250000	0.159887	0.115629
207.000000	0.182464	0.100278
206.750000	0.154223	0.095006
206.500000	0.187062	0.135578
206.250000	0.193853	0.099395
206.000000	0.143189	0.133860
205.750000	0.212851	0.089407
205.500000	0.159977	0.159011
205.250000	0.125618	0.138786
205.000000	0.204227	0.141215
204.750000	0.201198	0.156476
204.500000	0.227756	0.116031
204.250000	0.212901	0.129086
204.000000	0.170689	0.108964
203.750000	0.212475	0.147610
203.500000	0.176070	0.077237
203.250000	0.178307	0.182274
203.000000	0.201989	0.097766
202.750000	0.148437	0.122058
202.500000	0.192687	0.105492
202.250000	0.154040	0.142380
202.000000	0.138282	0.184067
201.750000	0.203802	0.147206
201.500000	0.167738	0.188239
201.250000	0.154484	0.182427
201.000000	0.231079	0.123811
200.750000	0.175541	0.167410
200.500000	0.162186	0.163275
200.250000	0.134644	0.182959
200.000000	0.135883	0.132793
199.750000	0.139053	0.173166
199.500000	0.190729	0.170366
199.250000	0.187082	0.166642
199.000000	0.171459	0.110196
198.750000	0.183770	0.125006
198.500000	0.177032	0.091582
198.250000	0.199231	0.170313
198.000000	0.150372	0.127317
197.750000	0.147595	0.132430
197.500000	0.166311	0.154713
197.250000	0.200591	0.074508
197.000000	0.146765	0.126401
196.750000	0.180944	0.087254
196.500000	0.131322	0.140863
196.250000	0.152310	0.056119
196.000000	0.182889	0.095663
195.750000	0.157009	0.121846
195.500000	0.148672	0.058291
195.250000	0.178918	0.100810
195.000000	0.128435	0.113416
194.750000	0.181420	0.102412
194.500000	0.153403	0.092543
194.250000	0.134179	0.147605
194.000000	0.151863	0.085723
193.750000	0.172443	0.074634
193.500000	0.136330	0.078267
193.250000	0.157700	0.082541
193.000000	0.162645	0.075374
192.750000	0.133685	0.093050
192.500000	0.171722	0.128976
192.250000	0.133260	0.069521
192.000000	0.171125	0.114554
191.750000	0.164447	0.122824
191.500000	0.134910	0.121609
191.250000	0.160567	0.119226
191.000000	0.160748	0.128836
190.750000	0.137190	0.117913
190.500000	0.166039	0.078619
190.250000	0.142115	0.106310
190.000000	0.117825	0.142833
