#lab INRiM MICa
#hv keithley6487
#s CNTArO2Etching_N1new_b
#t 2.7 
#d 1.0
#N 20
#dbm 5
#
#Voltage	Current	SD
#V	pA	pA
140.000000	0.333645	1.785460
140.200000	0.455045	1.756363
140.400000	0.367733	2.093001
140.600000	0.261924	1.849631
140.800000	0.679826	1.575119
141.000000	-0.248780	2.118766
141.200000	0.723135	1.629585
141.400000	-0.005391	1.999993
141.600000	0.138210	1.910330
141.800000	0.393695	1.659661
142.000000	0.106279	1.970526
142.200000	0.533830	1.575440
142.400000	0.109000	1.788368
142.600000	0.527209	1.677701
142.800000	-0.025102	1.460952
143.000000	0.447564	2.021652
143.200000	0.159205	1.562796
143.400000	0.479202	1.610808
143.600000	0.165364	1.938412
143.800000	0.397563	1.593136
144.000000	0.163042	1.804395
144.200000	0.366845	1.982581
144.400000	0.384385	1.477875
144.600000	0.147402	1.838103
144.800000	0.654434	1.794525
145.000000	0.253295	1.433635
145.200000	0.503710	2.021967
145.400000	0.364492	1.660607
145.600000	0.419298	1.691018
145.800000	0.366932	1.828557
146.000000	0.400094	1.676890
146.200000	0.498252	1.806105
146.400000	0.215762	1.791306
146.600000	0.470304	1.748766
146.800000	0.350202	1.798829
147.000000	0.393040	1.833276
147.200000	0.473323	1.731776
147.400000	0.401830	1.869629
147.600000	0.481405	1.791557
147.800000	0.296164	1.669099
148.000000	0.504869	1.882166
148.200000	0.290536	1.894260
148.400000	0.473152	1.679433
148.600000	0.153226	1.994270
148.800000	0.586276	1.592453
149.000000	0.267230	1.794884
149.200000	0.453079	1.873030
149.400000	0.080213	1.650614
149.600000	0.491107	2.259004
149.800000	0.279556	1.589681
150.000000	0.111452	1.844573
150.200000	0.103665	2.064752
150.400000	0.421995	1.545902
150.600000	0.113113	1.836494
150.800000	0.220799	1.893100
151.000000	0.089701	1.539144
151.200000	0.185995	2.035327
151.400000	0.138237	1.743189
151.600000	0.224756	1.668285
151.800000	-0.075231	1.992937
152.000000	0.242116	1.552241
152.200000	0.050768	1.819402
152.400000	0.068028	2.187028
152.600000	0.106339	1.493604
152.800000	-0.001110	2.207657
153.000000	0.222435	2.092825
153.200000	0.226984	1.480043
153.400000	0.121444	2.264032
153.600000	0.342063	1.662908
153.800000	0.110452	1.749746
154.000000	0.415043	2.131602
154.200000	0.089402	1.472489
154.400000	0.208152	2.046979
154.600000	0.094805	1.804842
154.800000	0.344264	1.660424
155.000000	-0.095850	2.232928
155.200000	0.296113	1.593679
155.400000	0.028609	1.806660
155.600000	0.199087	2.029482
155.800000	0.029595	1.473249
156.000000	0.193370	2.029930
156.200000	-0.070165	1.821098
156.400000	0.320835	1.736866
156.600000	-0.160255	2.147384
156.800000	0.168984	1.971754
157.000000	-0.008068	1.921661
157.200000	0.290869	1.984957
157.400000	-0.165752	2.030847
157.600000	0.098062	1.931824
157.800000	-0.010447	1.754137
158.000000	0.152639	1.882229
158.200000	-0.029989	1.937139
158.400000	0.189647	1.739933
158.600000	0.054357	1.779703
158.800000	0.151568	1.837208
159.000000	0.054960	1.839646
159.200000	0.276332	1.966926
159.400000	0.058715	1.799556
159.600000	0.126892	1.910802
159.800000	0.016690	1.923395
160.000000	0.170774	1.787311
160.200000	0.114261	1.911117
160.400000	0.040607	1.811540
160.600000	0.305595	1.788904
160.800000	-0.088092	1.881003
161.000000	0.221031	1.857764
161.200000	-0.039842	1.691946
161.400000	0.295101	1.927483
161.600000	-0.211323	1.883423
161.800000	0.308496	1.840057
162.000000	-0.192545	1.823062
162.200000	0.534876	1.876377
162.400000	-0.037368	1.980003
162.600000	0.357369	1.963947
162.800000	-0.019554	1.935311
163.000000	0.495528	1.989890
163.200000	0.077718	2.206314
163.400000	0.291395	1.872787
163.600000	0.102868	2.375812
163.800000	0.527897	2.139068
164.000000	0.106037	2.058151
164.200000	0.268045	2.257762
164.400000	0.096393	1.839190
164.600000	0.337057	2.089692
164.800000	0.092451	1.985954
165.000000	0.159400	1.956242
165.200000	0.080455	2.139394
165.400000	0.299645	1.871440
165.600000	0.024035	2.011822
165.800000	0.211509	1.976349
166.000000	-0.007990	1.763410
166.200000	0.255320	2.102592
166.400000	-0.040670	1.804940
166.600000	0.205522	1.904649
166.800000	-0.003244	1.983206
167.000000	0.057278	1.690204
167.200000	0.074139	1.945099
167.400000	0.003153	1.861563
167.600000	0.054482	1.957736
167.800000	-0.061292	1.877656
168.000000	0.057320	1.902401
168.200000	-0.009427	1.965157
168.400000	-0.204311	1.781449
168.600000	-0.094255	1.943964
168.800000	-0.148064	1.759467
169.000000	-0.342058	1.789490
169.200000	-0.215972	1.946135
169.400000	-0.275825	1.669161
169.600000	-0.485388	2.067806
169.800000	-0.436403	1.867209
170.000000	-0.396835	1.898807
170.200000	-0.491748	2.218415
170.400000	-0.533668	1.690577
170.600000	-0.702467	2.212148
170.800000	-0.558073	2.016329
171.000000	-0.550394	1.690447
171.200000	-0.733175	2.338010
171.400000	-0.760618	1.865786
171.600000	-0.520569	1.840621
171.800000	-0.823936	2.389355
172.000000	-0.687986	1.750577
172.200000	-0.801553	1.955024
172.400000	-0.721272	2.204156
172.600000	-0.839841	1.820349
172.800000	-0.890298	2.034887
173.000000	-1.070593	1.966651
173.200000	-0.939872	1.823120
173.400000	-1.205380	2.213223
173.600000	-0.966441	1.894681
173.800000	-1.181826	1.829908
174.000000	-1.168760	2.075892
174.200000	-1.240484	1.772611
174.400000	-1.381158	2.032795
174.600000	-1.312359	1.894863
174.800000	-1.460367	1.807439
175.000000	-1.482359	2.121467
175.200000	-1.416006	1.765897
175.400000	-1.539868	1.993597
175.600000	-1.719390	2.155314
175.800000	-1.836338	1.824044
176.000000	-2.050875	2.024854
176.200000	-2.088866	2.045991
176.400000	-2.269847	2.043374
176.600000	-2.098692	2.152201
176.800000	-2.332797	1.856693
177.000000	-2.289234	2.189259
177.200000	-2.337861	2.079865
177.400000	-2.360074	1.788840
177.600000	-2.582374	2.215519
177.800000	-2.664579	1.892240
178.000000	-2.641140	1.991848
178.200000	-2.963751	2.027118
178.400000	-2.876889	1.931295
178.600000	-3.137000	2.152061
178.800000	-3.135399	1.967231
179.000000	-3.528487	1.971888
179.200000	-3.694176	2.110741
179.400000	-3.804547	1.954371
179.600000	-3.919833	2.067203
179.800000	-3.984655	2.211012
180.000000	-4.151206	1.879113
180.200000	-4.303499	2.063372
180.400000	-4.524707	2.092081
180.600000	-4.848231	1.980679
180.800000	-5.389214	2.300781
181.000000	-5.537678	2.273232
181.200000	-5.868861	2.022121
181.400000	-6.475863	2.098752
181.600000	-6.674627	2.141372
181.800000	-7.103891	2.021458
182.000000	-7.343025	2.277648
182.200000	-8.141940	2.131395
182.400000	-8.704670	1.973560
182.600000	-9.916059	2.232828
182.800000	-12.644950	2.372804
183.000000	-13.489020	2.226847
183.200000	-14.599630	2.123886
183.400000	-15.286160	2.477065
183.600000	-16.144660	2.205240
183.800000	-16.412130	2.192789
184.000000	-17.060380	2.428864
184.200000	-17.501090	2.277867
184.400000	-17.868790	2.298143
184.600000	-18.780400	2.326193
184.800000	-19.207800	2.394410
185.000000	-20.829350	2.419869
185.200000	-22.021930	2.222179
185.400000	-22.528570	2.423296
185.600000	-22.924060	2.169384
185.800000	-24.031660	1.984568
186.000000	-24.311300	2.246616
186.200000	-24.971200	1.971151
186.400000	-25.613080	2.125033
186.600000	-26.206460	2.132769
186.800000	-26.985110	2.113607
187.000000	-27.341330	2.284404
187.200000	-28.545300	2.075622
187.400000	-29.585470	2.336280
187.600000	-30.422890	2.338363
187.800000	-31.463850	2.124978
188.000000	-32.294870	2.441270
188.200000	-33.539240	2.379010
188.400000	-34.008820	2.104741
188.600000	-35.106320	2.416604
188.800000	-35.865350	2.298604
189.000000	-36.877380	2.143447
189.200000	-37.796160	2.741355
189.400000	-39.214540	2.149905
189.600000	-40.300230	2.235699
189.800000	-40.980330	2.422805
190.000000	-41.987330	2.173751
190.200000	-42.473730	2.219152
190.400000	-43.052960	2.159453
190.600000	-44.010060	2.392344
190.800000	-44.567660	2.142298
191.000000	-46.295340	2.219616
191.200000	-50.744620	2.323952
191.400000	-55.825600	2.126039
191.600000	-57.831890	2.085418
191.800000	-59.812690	2.301391
192.000000	-61.653970	2.103788
192.200000	-63.980290	2.306766
192.400000	-65.900130	2.350140
192.600000	-67.263490	2.289634
192.800000	-69.010960	2.342105
193.000000	-69.590940	2.304026
193.200000	-71.527060	2.269286
193.400000	-72.172000	2.359266
193.600000	-73.764530	2.208561
193.800000	-75.375130	2.417066
194.000000	-81.381220	2.544191
194.200000	-85.542860	2.170076
194.400000	-86.627430	2.280662
194.600000	-88.624210	2.351524
194.800000	-89.899370	2.273720
195.000000	-91.189890	2.136561
195.200000	-93.606220	2.312184
195.400000	-95.188230	2.194550
195.600000	-97.387380	2.240222
195.800000	-99.414640	2.530852
196.000000	-101.478400	2.549177
196.200000	-104.524400	2.225066
196.400000	-108.280100	2.259733
196.600000	-112.605400	2.262288
196.800000	-120.418800	2.183006
197.000000	-124.362400	2.373400
197.200000	-126.907900	2.104591
197.400000	-128.523700	2.225516
197.600000	-130.237900	2.364595
197.800000	-132.452100	1.926951
198.000000	-133.740400	2.361532
198.200000	-136.697300	2.227756
198.400000	-139.501400	2.247324
198.600000	-143.355600	2.297070
198.800000	-145.710100	2.094599
199.000000	-148.813200	2.109745
199.200000	-150.808700	2.001205
199.400000	-153.463700	2.215871
199.600000	-156.062800	2.381281
199.800000	-160.553100	2.333624
200.000000	-166.895300	2.018298
200.200000	-174.563300	2.373748
200.400000	-181.683900	2.466177
200.600000	-188.175700	2.279931
200.800000	-195.289700	2.439871
201.000000	-201.184900	2.143794
201.200000	-208.563400	2.654307
201.400000	-215.424100	2.270363
201.600000	-221.993000	2.279165
201.800000	-227.651200	2.690677
202.000000	-233.567300	2.126218
202.200000	-238.927900	2.477345
202.400000	-245.889400	2.781161
202.600000	-259.148800	2.334910
202.800000	-270.881000	2.619729
203.000000	-276.483900	2.348339
203.200000	-280.813500	2.351913
203.400000	-285.035300	2.617788
203.600000	-289.141500	2.259981
203.800000	-293.002700	2.281727
204.000000	-296.661300	2.464196
204.200000	-301.464400	2.088151
204.400000	-305.400900	2.428129
204.600000	-310.638400	2.571266
204.800000	-315.988900	1.995909
205.000000	-321.828900	2.668466
205.200000	-329.158000	2.133930
205.400000	-339.640700	2.319875
205.600000	-352.650800	2.630551
205.800000	-363.814900	2.054913
206.000000	-373.723200	2.717825
206.200000	-381.975000	2.307938
206.400000	-390.824700	2.270464
206.600000	-398.121100	2.421899
206.800000	-405.476800	2.589260
207.000000	-412.130200	2.465440
207.200000	-418.516700	2.516156
207.400000	-425.701800	2.462446
207.600000	-432.043800	2.524143
207.800000	-441.837000	2.351331
208.000000	-453.379900	2.290072
208.200000	-469.374100	2.473643
208.400000	-482.719600	2.292984
208.600000	-494.888500	2.297322
208.800000	-504.702800	2.546584
209.000000	-514.290900	2.552419
209.200000	-524.087200	2.383792
209.400000	-533.352000	2.421280
209.600000	-543.721000	2.627048
209.800000	-557.928100	3.465797
210.000000	-569.287600	2.572700
210.200000	-587.595500	2.557377
210.400000	-612.379100	2.669269
210.600000	-638.388100	2.511846
210.800000	-661.492300	2.377114
211.000000	-682.493800	2.850498
211.200000	-701.755700	2.243030
211.400000	-720.827900	2.532759
211.600000	-739.211500	2.916402
211.800000	-759.657900	2.215227
212.000000	-780.633700	2.957905
212.200000	-804.512900	2.300575
212.400000	-826.630600	2.377081
212.600000	-848.689800	2.676896
212.800000	-871.385900	2.289344
213.000000	-894.595000	2.720676
213.200000	-919.388700	4.119352
213.400000	-942.519200	2.048919
213.600000	-960.586700	2.656784
213.800000	-980.052500	2.237142
214.000000	-1001.319000	2.507255
214.200000	-1026.322000	2.542922
214.400000	-1053.722000	2.134120
214.600000	-1081.914000	2.839290
214.800000	-1108.999000	2.561038
215.000000	-1136.280000	2.649684
