#lab INRiM
#hv keithley6487
#s CNTArO2Etching_N1new_b
#t 2.7
#d 1.5
#V -295
#
#Time	Temp	Current
# s	K	pA	
0.000000	156.112000	-9.563346
0.999871	156.112000	-9.181119
2.000006	156.112000	-8.904279
3.000829	156.086000	-9.340008
4.000794	156.086000	-9.116669
5.001134	156.053000	-9.442152
6.001481	156.053000	-9.106337
7.002406	156.053000	-9.696092
8.001921	156.019000	-9.316295
9.002110	156.019000	-9.162471
10.002060	155.992000	-9.311229
11.001996	155.992000	-8.487802
12.002341	155.992000	-9.252457
13.001983	155.960000	-8.572921
14.001675	155.960000	-9.273536
15.001669	155.960000	-9.736624
16.002059	155.908000	-9.256512
17.002232	155.908000	-10.204380
18.001745	155.883000	-9.267454
19.001801	155.883000	-9.105328
20.001773	155.883000	-9.395740
21.003595	155.839000	-9.164501
22.003409	155.839000	-8.968724
23.002716	155.797000	-9.041079
24.003541	155.797000	-10.020960
25.002776	155.797000	-10.112970
25.450501	155.797000	-9.071883
26.450248	155.768000	-9.179900
28.449888	155.735000	-8.452541
30.451063	155.735000	-9.401416
32.452321	155.696000	-9.642381
34.452592	155.664000	-11.304440
36.452452	155.637000	-11.006110
38.452157	155.637000	-11.353890
40.452162	155.589000	-12.171240
42.452188	155.562000	-12.153000
44.452306	155.533000	-11.337270
46.452250	155.493000	-10.571000
48.451764	155.493000	-11.291260
50.453536	155.457000	-12.274190
52.453072	155.416000	-12.054900
54.453903	155.378000	-10.832230
56.454699	155.378000	-10.718740
58.455422	155.356000	-11.507910
60.454840	155.324000	-12.140630
62.456118	155.288000	-11.243030
64.456529	155.288000	-10.799190
66.457337	155.254000	-11.497780
68.458716	155.219000	-12.191700
70.458871	155.180000	-11.351450
72.459030	155.140000	-11.147170
74.458827	155.140000	-10.938830
76.459651	155.103000	-11.497370
78.459163	155.058000	-11.743200
80.460146	155.021000	-11.406780
82.460376	155.021000	-11.074820
84.460146	154.983000	-10.917950
86.461568	154.934000	-11.964710
88.461537	154.895000	-11.202700
90.461005	154.895000	-11.004900
92.460915	154.861000	-11.552900
94.460965	154.816000	-11.645320
96.460914	154.779000	-12.067670
98.462427	154.750000	-11.606200
100.462253	154.750000	-9.552597
102.462492	154.723000	-10.848230
104.462608	154.699000	-11.844530
106.461778	154.669000	-12.067260
108.462395	154.669000	-11.045420
110.462158	154.634000	-10.592870
112.461851	154.605000	-11.543170
114.462500	154.573000	-11.666790
116.461754	154.573000	-11.181010
118.462609	154.551000	-11.200260
120.461911	154.514000	-11.236740
122.461906	154.485000	-11.623220
124.462168	154.440000	-10.806480
126.461956	154.440000	-11.376580
128.462337	154.403000	-11.646730
130.462162	154.362000	-11.646720
132.462241	154.306000	-11.315780
134.463058	154.306000	-10.716700
136.464505	154.273000	-11.492500
138.465288	154.237000	-11.931880
140.465215	154.193000	-11.625850
142.466621	154.193000	-10.826750
144.465842	154.164000	-11.429270
146.466439	154.131000	-11.503850
148.465851	154.081000	-11.497160
150.467024	154.048000	-11.723540
152.466792	154.048000	-11.781290
154.467562	154.019000	-11.128310
156.467258	153.982000	-11.551680
158.467370	153.953000	-11.705500
160.466687	153.953000	-11.619970
162.468453	153.921000	-11.524720
164.469021	153.876000	-11.756770
166.469032	153.830000	-11.378190
168.469150	153.830000	-12.073740
170.468677	153.798000	-11.476690
172.468702	153.759000	-11.630920
174.469387	153.730000	-11.822430
176.469122	153.694000	-11.199040
178.469002	153.694000	-10.736960
180.469321	153.659000	-11.010160
182.469638	153.621000	-11.807030
184.468787	153.585000	-12.193100
186.468969	153.585000	-11.574980
188.468916	153.545000	-11.236730
190.469134	153.505000	-12.114270
192.469515	153.483000	-11.035280
194.469853	153.483000	-11.601730
196.469972	153.451000	-11.766290
198.470519	153.412000	-11.650570
200.471506	153.388000	-11.617940
202.471426	153.348000	-11.194370
204.471882	153.348000	-11.229230
206.472345	153.308000	-11.383660
208.472325	153.270000	-11.476080
210.471809	153.219000	-11.199640
212.473491	153.219000	-11.667590
214.473623	153.190000	-11.694340
216.472778	153.155000	-11.148160
218.473671	153.118000	-11.019270
220.475476	153.118000	-11.560990
222.476607	153.087000	-11.161940
224.475677	153.067000	-11.265710
226.476115	153.039000	-11.476480
228.475823	153.005000	-11.179370
230.477110	153.005000	-11.349410
232.476667	152.972000	-10.897670
234.477409	152.927000	-11.263480
236.478261	152.891000	-11.326510
238.479352	152.891000	-11.306440
240.480406	152.852000	-11.401080
242.480165	152.816000	-10.941850
244.481642	152.779000	-11.225980
246.481341	152.779000	-11.344340
248.481134	152.752000	-10.684870
250.481186	152.736000	-10.788030
252.481232	152.706000	-11.164170
254.481230	152.677000	-10.896450
256.480819	152.677000	-11.218690
258.482383	152.635000	-11.075200
260.481894	152.595000	-10.766750
262.481750	152.566000	-11.273410
264.482473	152.566000	-12.410350
266.482177	152.511000	-11.054130
268.482358	152.473000	-10.900100
270.482558	152.445000	-10.606030
272.482039	152.445000	-11.090600
274.482744	152.411000	-11.500390
276.483497	152.383000	-11.329950
278.484477	152.358000	-10.647580
280.485385	152.322000	-10.785390
282.485171	152.322000	-11.099320
284.484973	152.286000	-11.457020
286.485223	152.252000	-11.340490
288.485198	152.213000	-10.784980
290.486291	152.213000	-11.527340
292.486211	152.168000	-11.776220
294.487450	152.134000	-11.341910
296.487495	152.089000	-11.197000
298.488567	152.089000	-11.082500
300.489202	152.048000	-10.990280
302.489362	152.019000	-10.971640
304.488677	151.987000	-10.694600
306.490582	151.957000	-11.852620
308.490022	151.957000	-11.332180
310.489845	151.928000	-11.324880
312.491298	151.895000	-11.090400
314.492378	151.867000	-11.484580
316.492029	151.867000	-11.178160
318.492194	151.833000	-10.812950
320.491971	151.795000	-11.499580
322.491677	151.767000	-11.759600
324.492271	151.767000	-11.316370
326.491804	151.736000	-10.810320
328.491819	151.692000	-10.474500
330.491799	151.650000	-11.174910
332.493089	151.617000	-11.908550
334.493197	151.617000	-11.987990
336.493026	151.577000	-11.320630
338.493333	151.553000	-11.130320
340.493461	151.519000	-11.686230
342.494159	151.519000	-12.106160
344.495442	151.483000	-11.927810
346.495026	151.452000	-11.726560
348.494943	151.418000	-12.194110
350.495225	151.418000	-11.971990
352.494992	151.372000	-8.055294
354.495050	151.344000	-7.902077
356.494700	151.316000	-8.740502
358.495327	151.273000	-8.443192
360.494966	151.273000	-7.671042
362.494946	151.231000	-8.038878
364.494715	151.193000	-8.284103
366.495456	151.148000	-8.151966
368.495478	151.148000	-7.862761
370.495277	151.112000	-8.008481
372.496110	151.081000	-8.822582
374.497577	151.049000	-8.260594
376.497623	151.049000	-8.066236
378.496708	151.023000	-8.189255
380.496885	151.001000	-7.896608
382.497624	150.964000	-8.246001
384.498560	150.937000	-7.991859
386.497941	150.937000	-7.739948
388.497666	150.912000	-8.223909
390.498886	150.870000	-8.203644
392.498900	150.832000	-8.832512
394.499065	150.832000	-7.745825
396.499413	150.801000	-7.646924
398.500587	150.757000	-8.424347
400.501327	150.713000	-8.355840
402.501339	150.713000	-8.335173
404.501535	150.678000	-11.412830
406.500946	150.630000	-11.627860
408.502578	150.592000	-11.748040
410.503578	150.558000	-11.433100
412.502862	150.558000	-11.390140
414.503224	150.513000	-11.961650
416.504221	150.471000	-11.643060
418.505253	150.438000	-11.002440
420.504938	150.438000	-10.981360
422.506482	150.390000	-11.603340
424.505797	150.357000	-11.761820
426.506063	150.316000	-12.718190
428.506514	150.316000	-11.338860
430.507322	150.284000	-10.639060
432.507085	150.253000	-11.069520
434.507635	150.220000	-11.383450
436.507150	150.178000	-11.711970
438.507638	150.178000	-11.424990
440.506669	150.151000	-11.383040
442.506677	150.116000	-12.025080
444.507051	150.074000	-11.817150
446.507900	150.074000	-11.213610
448.509232	150.039000	-11.641030
450.510578	150.000000	-11.727570
452.510320	149.963000	-11.828910
454.509911	149.963000	-11.995690
456.510572	149.923000	-11.313120
458.510298	149.892000	-11.795660
460.511286	149.851000	-12.210920
462.512431	149.814000	-12.129860
464.512153	149.814000	-11.810660
466.512418	149.773000	-10.889960
468.512581	149.739000	-11.098500
470.513636	149.708000	-12.161670
472.514253	149.708000	-12.525660
474.514683	149.683000	-11.062220
476.514924	149.644000	-10.566910
478.515381	149.604000	-11.568270
480.515201	149.604000	-12.537820
482.514704	149.576000	-11.759180
484.514771	149.547000	-10.889750
486.515443	149.511000	-10.780720
488.515432	149.479000	-11.252320
490.515474	149.479000	-11.920100
492.515014	149.429000	-11.389110
494.514827	149.393000	-11.513760
496.514841	149.371000	-11.711960
498.516591	149.371000	-11.391750
500.515685	149.338000	-11.278060
502.515675	149.309000	-11.706690
504.516449	149.285000	-11.731010
506.517397	149.285000	-11.973200
508.517258	149.247000	-11.488220
510.516953	149.210000	-11.255150
512.518522	149.186000	-11.669600
514.518937	149.145000	-12.289150
516.519453	149.145000	-11.622180
518.518889	149.113000	-10.988250
520.520346	149.074000	-11.251100
522.520977	149.027000	-11.264480
524.522511	149.027000	-11.542330
526.521680	148.986000	-11.601910
528.522288	148.943000	-11.385270
530.522464	148.898000	-11.631100
532.523595	148.898000	-11.502000
534.523139	148.867000	-11.434310
536.523020	148.830000	-10.566090
538.523568	148.798000	-11.150380
540.523508	148.769000	-11.692700
542.523163	148.769000	-11.414850
544.522990	148.736000	-11.210160
546.523400	148.703000	-11.482540
548.523455	148.668000	-11.400670
550.523607	148.668000	-11.628860
552.523233	148.629000	-11.170440
554.523192	148.581000	-10.601970
556.524449	148.546000	-11.000610
558.524055	148.508000	-11.137410
560.525357	148.508000	-11.044790
562.526031	148.460000	-11.050660
564.527302	148.437000	-11.596440
566.526982	148.409000	-11.076400
568.526814	148.409000	-11.172060
570.527673	148.378000	-10.657490
572.527677	148.352000	-11.039110
574.527761	148.317000	-11.754720
576.527956	148.317000	-11.235290
578.527985	148.280000	-11.345530
580.527973	148.245000	-10.629930
582.527761	148.223000	-11.424170
584.528166	148.223000	-11.335600
586.529570	148.188000	-10.971410
588.529296	148.157000	-10.592030
590.528917	148.131000	-10.981550
592.529141	148.089000	-11.409170
594.528904	148.089000	-11.503810
596.529276	148.051000	-10.291480
598.529274	148.016000	-11.523270
600.530347	147.982000	-12.304540
602.529861	147.982000	-11.734850
604.531604	147.945000	-11.288990
606.532293	147.918000	-11.645280
608.532784	147.879000	-15.368420
610.532999	147.849000	-11.041740
612.533249	147.849000	-11.602510
614.533607	147.814000	-10.853470
616.532965	147.773000	-10.293500
618.533246	147.740000	-11.539290
620.533614	147.740000	-11.208130
622.532878	147.707000	-10.966350
624.533128	147.659000	-10.895010
626.533320	147.628000	-10.583120
628.534574	147.628000	-10.679990
630.534124	147.594000	-10.898870
632.533932	147.555000	-12.021210
634.535625	147.531000	-11.461250
636.534747	147.531000	-10.529810
638.534839	147.496000	-10.800970
640.535460	147.456000	-11.315340
642.536636	147.422000	-11.515770
644.537402	147.390000	-11.518200
646.537322	147.390000	-10.272430
648.537057	147.361000	-10.392410
650.536897	147.333000	-11.192120
652.536990	147.312000	-11.712560
654.537483	147.312000	-11.498340
656.536732	147.280000	-10.591630
658.536809	147.247000	-10.969390
660.537460	147.227000	-10.983570
662.538660	147.185000	-10.731860
664.538581	147.185000	-11.128480
666.537669	147.151000	-14.580460
668.538902	147.120000	-14.835410
670.539267	147.083000	-14.218910
672.538786	147.083000	-10.673500
674.539487	147.048000	-15.300320
676.539187	147.018000	-14.597690
678.540686	146.984000	-11.122200
680.541575	146.984000	-10.479960
682.540705	146.948000	-10.394840
684.541959	146.928000	-11.140640
686.542128	146.898000	-11.109430
688.541706	146.865000	-11.060180
690.542432	146.865000	-10.828130
692.542104	146.840000	-11.141460
694.541953	146.791000	-10.965540
696.542087	146.751000	-10.736120
698.541946	146.751000	-11.327300
700.542222	146.719000	-11.124220
702.542498	146.676000	-10.867650
704.541857	146.647000	-10.991880
706.541781	146.647000	-10.698220
708.541712	146.607000	-11.034250
710.543589	146.575000	-11.295270
712.544325	146.542000	-11.349990
714.544397	146.508000	-10.778880
716.544390	146.508000	-10.712610
718.544598	146.469000	-10.889340
720.545546	146.445000	-11.216240
722.544825	146.420000	-11.240760
724.545217	146.420000	-11.260210
726.544962	146.388000	-11.168610
728.545500	146.364000	-10.903730
730.545809	146.334000	-11.031810
732.546287	146.334000	-10.849610
734.546388	146.300000	-10.938990
736.546038	146.263000	-11.352020
738.545749	146.239000	-11.021680
740.547487	146.204000	-10.719710
742.547556	146.204000	-10.998570
744.547064	146.172000	-10.899670
746.547145	146.151000	-11.428630
748.546911	146.126000	-11.152800
750.548313	146.126000	-11.308450
752.548738	146.096000	-10.718080
754.548846	146.075000	-10.512780
756.548717	146.048000	-10.983370
758.549956	146.048000	-11.221500
760.551408	146.020000	-11.117330
762.551452	145.996000	-11.943390
764.550846	145.957000	-11.230820
766.552601	145.919000	-11.572110
768.552084	145.919000	-11.645880
770.552186	145.891000	-11.489420
772.553480	145.850000	-11.055320
774.553323	145.825000	-12.123360
776.553607	145.825000	-12.629610
778.552937	145.801000	-12.301500
780.553575	145.758000	-11.535630
782.554584	145.722000	-12.110180
784.553817	145.722000	-11.429630
786.555549	145.688000	-11.605140
788.555153	145.646000	-10.789620
790.555049	145.607000	-11.505640
792.554821	145.578000	-12.675000
794.554735	145.578000	-11.706070
796.555367	145.534000	-11.602920
798.555381	145.502000	-11.381400
800.556564	145.480000	-11.982910
802.557594	145.480000	-11.680330
804.557104	145.447000	-11.825640
806.556906	145.413000	-12.277180
808.557631	145.381000	-11.761400
810.556821	145.381000	-12.209490
812.556841	145.337000	-11.704040
814.556849	145.315000	-11.153000
816.557268	145.284000	-11.655400
818.558514	145.242000	-12.070460
820.558351	145.242000	-10.908590
822.557760	145.209000	-11.756130
824.558475	145.174000	-11.062810
826.557993	145.130000	-12.577930
828.557770	145.130000	-11.574130
830.557758	145.102000	-10.529400
832.559202	145.071000	-10.802800
834.558900	145.030000	-11.686210
836.558780	145.030000	-10.978710
838.558927	144.992000	-10.677750
840.558830	144.968000	-10.903930
842.559342	144.929000	-12.342640
844.558794	144.891000	-12.656360
846.559261	144.891000	-11.429030
848.559701	144.851000	-11.378360
850.561288	144.817000	-12.528280
852.560695	144.789000	-12.118490
854.562498	144.789000	-10.624450
856.561669	144.757000	-10.607830
858.562181	144.715000	-11.753900
860.562674	144.675000	-12.102680
862.562862	144.675000	-10.810900
864.564507	144.654000	-11.598860
866.565610	144.615000	-11.494890
868.566295	144.575000	-12.556240
870.565904	144.539000	-11.236500
872.566076	144.539000	-10.801380
874.566503	144.493000	-12.282240
876.566406	144.475000	-11.540890
878.566440	144.444000	-11.823200
880.566878	144.444000	-10.784550
882.567561	144.397000	-11.885220
884.568222	144.370000	-11.305000
886.567710	144.334000	-10.797520
888.568579	144.334000	-10.189540
890.569355	144.286000	-10.416720
892.569697	144.252000	-10.542570
894.570032	144.224000	-11.218050
896.570157	144.192000	-10.957420
898.569931	144.192000	-11.976020
900.570457	144.163000	-11.989390
902.570581	144.137000	-11.184000
904.571029	144.096000	-10.113330
906.571175	144.096000	-10.748070
908.570946	144.060000	-10.927430
910.572446	144.029000	-10.560200
912.572126	143.984000	-11.219270
914.572105	143.984000	-11.220280
916.572734	143.954000	-11.148530
918.573165	143.916000	-11.338840
920.573050	143.880000	-10.696790
922.574531	143.858000	-10.529400
924.574014	143.858000	-11.336810
926.574240	143.833000	-10.715850
928.574039	143.796000	-10.547830
930.574214	143.764000	-10.902500
932.573709	143.764000	-11.466110
934.574173	143.747000	-10.810280
936.574297	143.709000	-10.123660
938.573913	143.674000	-10.652610
940.575569	143.674000	-11.074350
942.575194	143.646000	-10.803190
944.576035	143.610000	-10.238770
946.575744	143.581000	-10.748270
948.575846	143.546000	-11.494270
950.576285	143.546000	-11.264650
952.575975	143.503000	-10.226410
954.576067	143.468000	-10.293690
956.577064	143.441000	-11.216620
958.576955	143.441000	-10.124270
960.577588	143.396000	-10.611470
962.578209	143.366000	-10.640860
964.578238	143.331000	-10.135010
966.579149	143.331000	-10.540340
968.580074	143.283000	-9.785211
970.581594	143.244000	-10.284580
972.581251	143.208000	-10.886490
974.581043	143.168000	-10.626470
976.580706	143.168000	-10.106230
978.582453	143.131000	-10.152230
980.582087	143.103000	-10.221950
982.582739	143.067000	-10.461300
984.582709	143.067000	-9.882896
986.582994	143.040000	-9.924847
988.582875	143.005000	-10.190540
990.584574	142.960000	-10.400090
992.584149	142.960000	-9.993747
994.585508	142.917000	-9.855940
996.585103	142.884000	-10.604780
998.585235	142.848000	-10.606200
1000.586639	142.818000	-8.869372
1002.585792	142.818000	-9.949569
1004.586462	142.789000	-10.205940
1006.585944	142.758000	-10.095290
1008.585986	142.743000	-9.699280
1010.587407	142.743000	-9.488914
1012.587617	142.720000	-10.287010
1014.586939	142.685000	-10.187290
1016.587249	142.655000	-9.907013
1018.587039	142.655000	-9.745080
1020.588254	142.626000	-10.020710
1022.587726	142.590000	-10.273420
1024.587795	142.557000	-10.088800
1026.589471	142.522000	-9.612136
1028.588993	142.522000	-9.976931
1030.589475	142.488000	-9.781764
1032.588877	142.469000	-9.843980
1034.589271	142.430000	-9.732314
1036.589037	142.430000	-9.912683
1038.589269	142.392000	-10.123450
1040.588973	142.360000	-10.046040
1042.588868	142.324000	-10.001650
1044.589660	142.324000	-9.900730
1046.590218	142.298000	-9.827771
1048.589681	142.264000	-9.769805
1050.590527	142.232000	-9.583761
1052.591335	142.183000	-10.322270
1054.590742	142.183000	-10.196410
1056.590915	142.152000	-9.809326
1058.591220	142.117000	-9.986859
1060.591392	142.075000	-10.028810
1062.591211	142.075000	-10.316390
1064.591009	142.040000	-9.914505
1066.590730	142.002000	-9.519314
1068.591518	141.963000	-9.930517
1070.592206	141.963000	-10.179390
1072.592416	141.922000	-10.205530
1074.592006	141.903000	-10.053130
1076.592545	141.868000	-9.839724
1078.591733	141.838000	-9.967806
1080.591888	141.838000	-10.050690
1082.592193	141.810000	-9.981585
1084.592292	141.768000	-10.040560
1086.591776	141.733000	-9.941867
1088.592057	141.733000	-10.081500
1090.592241	141.702000	-10.164790
1092.592482	141.662000	-9.639896
1094.592275	141.627000	-10.209580
1096.591725	141.627000	-10.048670
1098.592386	141.596000	-10.158920
1100.592780	141.559000	-10.017050
1102.593098	141.527000	-10.115340
1104.592835	141.505000	-10.071160
1106.592772	141.505000	-10.031440
1108.593145	141.462000	-9.793916
1110.593301	141.428000	-9.930917
1112.592797	141.397000	-9.837083
1114.593093	141.397000	-10.056370
1116.593399	141.361000	-9.936396
1118.593693	141.328000	-9.959899
1120.593706	141.293000	-10.307670
1122.595165	141.293000	-10.044010
1124.594851	141.244000	-9.690967
1126.595394	141.200000	-10.817170
1128.596028	141.169000	-10.401710
1130.597161	141.136000	-10.749480
1132.596962	141.136000	-10.554320
1134.597031	141.108000	-11.932830
1136.597222	141.071000	-11.335170
1138.596755	141.030000	-11.320590
1140.596917	141.030000	-11.936890
1142.598397	141.003000	-11.616070
1144.598655	140.973000	-11.709500
1146.598440	140.945000	-11.628020
1148.597983	140.945000	-11.263430
1150.598103	140.930000	-11.909120
1152.597979	140.904000	-10.818790
1154.599621	140.880000	-10.989430
1156.600314	140.848000	-11.480280
1158.599917	140.848000	-10.636600
1160.599866	140.807000	-11.316730
1162.599725	140.759000	-11.774750
1164.599867	140.720000	-11.343690
1166.600146	140.720000	-11.887230
1168.599944	140.682000	-11.351390
1170.600151	140.654000	-11.010710
1172.600426	140.624000	-11.992010
1174.600208	140.624000	-10.546210
1176.599811	140.590000	-11.459200
1178.600215	140.548000	-11.181350
1180.600194	140.508000	-11.051240
1182.600509	140.472000	-11.785900
1184.601389	140.472000	-10.933900
1186.601024	140.434000	-11.907700
1188.601038	140.397000	-10.746030
1190.600665	140.358000	-10.897220
1192.601535	140.358000	-10.416500
1194.600825	140.321000	-10.479320
1196.601129	140.287000	-11.911750
1198.602368	140.257000	-11.425760
1200.603318	140.257000	-10.515200
1202.604182	140.225000	-10.279500
1204.605035	140.225000	-10.131760
1206.605894	140.225000	-9.913488
1208.666718	140.225000	-10.124670
1210.668591	140.225000	-10.097300
1212.667956	0.000000	-9.708187
1214.667815	0.000000	-9.518497
1216.668384	0.000000	-10.037930
1218.667682	0.000000	-10.153850
1220.667880	0.000000	-9.706367
1222.667685	0.000000	-9.524375
1224.667731	0.000000	-9.359001
1226.668358	0.000000	-10.202890
1228.669394	0.000000	-8.144033
1230.669252	0.000000	-9.899705
1232.669007	0.000000	-9.719133
1234.668948	0.000000	-9.645367
1236.669159	0.000000	-10.267140
1238.669010	0.000000	-9.786013
1240.668702	0.000000	-10.213630
1242.669138	0.000000	-10.405150
1244.669166	0.000000	-9.710419
1246.669100	0.000000	-9.782771
1248.669358	0.000000	-9.987864
1250.669162	0.000000	-10.398670
1252.669651	0.000000	-9.882883
1254.668829	0.000000	-9.914302
1256.669695	0.000000	-10.493310
1258.669955	0.000000	-9.948549
1260.671316	0.000000	-9.778916
1262.671382	0.000000	-10.060010
1264.671037	0.000000	-10.050490
1266.671160	0.000000	-10.030430
1268.672436	139.371000	-9.940441
1270.671688	139.352000	-10.007320
1272.672605	139.331000	-9.963549
1274.671685	139.292000	-10.084330
1276.672458	139.263000	-9.644350
1278.672672	139.237000	-10.027380
1280.673648	139.208000	-10.083930
1282.674580	139.194000	-10.045830
1284.673810	139.174000	-10.042990
1286.674547	139.134000	-9.720748
1288.673819	139.107000	-10.153640
1290.675559	139.071000	-10.313950
1292.675889	139.071000	-10.090010
1294.676650	139.035000	-9.755610
1296.677011	139.006000	-10.249500
1298.676731	138.978000	-10.296520
1300.677371	138.978000	-9.579902
1302.677907	138.934000	-9.706361
1304.678545	138.895000	-9.653065
1306.678334	138.854000	-9.960707
1308.678603	138.854000	-10.186070
1310.677707	138.820000	-9.843361
1312.677752	138.789000	-10.223360
1314.677855	138.761000	-9.694202
1316.677753	138.722000	-9.553354
1318.678627	138.722000	-9.921191
1320.679462	138.685000	-10.047450
1322.679101	138.658000	-10.005900
1324.679041	138.621000	-9.722168
1326.679354	138.621000	-8.323995
1328.680224	138.581000	-10.016440
1330.680617	138.561000	-10.056360
1332.679746	138.527000	-9.811952
1334.679707	138.527000	-9.620636
1336.679734	138.496000	-9.887541
1338.680256	138.463000	-10.426020
1340.679876	138.425000	-9.891396
1342.681162	138.375000	-9.821266
1344.681710	138.375000	-10.346370
1346.682118	138.318000	-9.795333
1348.681791	138.256000	-10.000420
1350.683429	138.237000	-9.338727
1352.684676	138.237000	-9.906185
1354.684976	138.204000	-10.425610
1356.686470	138.173000	-9.706967
1358.687608	138.152000	-10.244030
1360.688315	138.152000	-10.596250
1362.688383	138.128000	-9.813365
1364.688596	138.094000	-9.291308
1366.688377	138.053000	-9.829783
1368.688199	138.036000	-10.162760
1370.688705	138.036000	-10.107230
1372.688963	138.005000	-9.377440
1374.689951	137.978000	-9.644142
1376.689859	137.955000	-9.745473
1378.689705	137.955000	-9.991307
1380.691562	137.921000	-9.590642
1382.690913	137.889000	-9.941042
1384.691137	137.855000	-10.598280
1386.690869	137.855000	-9.976106
1388.691455	137.813000	-9.671301
1390.690987	137.784000	-10.074600
1392.690842	137.751000	-10.046430
1394.692410	137.706000	-9.952596
1396.691905	137.706000	-9.796343
1398.691716	137.669000	-10.084330
1400.693531	137.630000	-10.305030
1402.694498	137.590000	-9.674340
1404.694619	137.590000	-9.943066
1406.694169	137.555000	-10.126890
1408.693802	137.529000	-10.338060
1410.693791	137.499000	-10.144320
1412.694144	137.499000	-10.004270
1414.694592	137.462000	-9.953001
1416.694375	137.434000	-10.133370
1418.694670	137.391000	-9.344808
1420.695205	137.375000	-9.780334
1422.695450	137.375000	-10.247680
1424.695045	137.327000	-9.777700
1426.694677	137.252000	-10.050280
1428.695006	137.202000	-10.137630
1430.695895	137.202000	-10.069730
1432.695989	137.144000	-9.500659
1434.695989	137.093000	-9.868286
1436.696217	137.074000	-10.297530
1438.697654	137.074000	-10.157090
1440.696928	137.057000	-9.712235
1442.696880	137.023000	-9.518287
1444.697931	136.984000	-9.876597
1446.698540	136.963000	-10.011170
1448.697936	136.963000	-9.827560
1450.697668	136.925000	-9.845592
1452.699006	136.893000	-9.772024
1454.698753	136.856000	-9.576048
1456.699090	136.856000	-10.372310
1458.700559	136.825000	-10.463310
1460.700101	136.796000	-10.025760
1462.699839	136.767000	-9.479174
1464.700160	136.767000	-9.734730
1466.700105	136.717000	-10.182420
1468.700415	136.656000	-10.069330
1470.701526	136.594000	-9.504304
1472.701002	136.526000	-9.924017
1474.702488	136.526000	-9.573815
1476.701946	136.469000	-10.136010
1478.703218	136.429000	-9.782762
1480.703234	136.374000	-9.696227
1482.703166	136.374000	-9.972049
1484.703318	136.319000	-9.979143
1486.703475	136.267000	-9.884295
1488.702960	136.233000	-9.916519
1490.703311	136.233000	-9.641102
1492.704287	136.205000	-9.566522
1494.704115	136.160000	-9.692372
1496.705279	136.107000	-10.184440
1498.704936	136.094000	-10.301580
1500.705161	136.094000	-10.036900
1502.705184	136.076000	-10.058590
1504.704671	136.035000	-9.946917
1506.705192	135.987000	-9.586584
1508.706465	135.987000	-9.661571
1510.706426	135.931000	-10.021290
1512.705905	135.860000	-9.986643
1514.707657	135.803000	-9.745068
1516.707701	135.751000	-9.958062
1518.709030	135.751000	-9.751955
1520.708756	135.690000	-9.683457
1522.709080	135.643000	-10.050270
1524.710533	135.600000	-9.444718
1526.709798	135.600000	-10.370690
1528.709785	135.539000	-10.175120
1530.709671	135.497000	-9.566320
1532.710002	135.466000	-9.940232
1534.709667	135.466000	-10.014410
1536.710388	135.407000	-9.836467
1538.710850	135.345000	-9.813160
1540.711572	135.277000	-9.814986
1542.711203	135.277000	-10.656240
1544.711110	135.189000	-9.943680
1546.710756	135.124000	-9.810527
1548.711050	135.063000	-9.899493
1550.711505	134.986000	-10.082900
1552.711014	134.986000	-9.863218
1554.710702	134.934000	-10.376970
1556.711151	134.884000	-10.422370
1558.710679	134.839000	-9.731692
1560.710998	134.839000	-9.489708
1562.711044	134.789000	-9.782360
1564.710870	134.729000	-10.050890
1566.711520	134.667000	-9.943271
1568.711406	134.667000	-10.213630
1570.711154	134.624000	-9.893824
1572.710969	134.585000	-9.998397
1574.711209	134.541000	-9.830995
1576.711150	134.485000	-9.840119
1578.711341	134.485000	-9.989684
1580.710981	134.415000	-10.295500
1582.711503	134.299000	-9.825726
1584.711191	134.227000	-10.006700
1586.712550	134.227000	-10.329340
1588.712309	134.172000	-9.616173
1590.711748	134.103000	-9.566318
1592.712667	134.067000	-9.809516
1594.713562	134.067000	-10.367450
1596.712869	134.035000	-10.106620
1598.714614	134.006000	-9.855315
1600.714576	133.947000	-9.605633
1602.714390	133.887000	-9.818232
1604.713878	133.887000	-10.098720
1606.713834	133.809000	-9.673118
1608.714065	133.740000	-9.900510
1610.714925	133.652000	-9.767154
1612.716369	133.652000	-9.592055
1614.715685	133.546000	-9.970223
1616.717413	133.461000	-9.929084
1618.717632	133.397000	-9.661367
1620.717395	133.314000	-9.590029
1622.716745	133.314000	-9.654878
1624.718106	133.242000	-10.837420
1626.719353	133.189000	-10.020690
1628.718794	133.129000	-9.281371
1630.719290	133.129000	-9.777085
1632.719605	133.055000	-9.847816
1634.719326	133.008000	-9.498627
1636.718681	132.940000	-9.228677
1638.718699	132.940000	-9.674335
1640.719399	132.858000	-10.226800
1642.719184	132.809000	-9.739185
1644.719503	132.717000	-9.957458
1646.719266	132.717000	-10.099120
1648.719086	132.664000	-9.784987
1650.718804	132.632000	-9.728038
1652.719090	132.570000	-9.414114
1654.718910	132.519000	-10.423990
1656.719354	132.519000	-9.753576
1658.719302	132.461000	-9.943876
1660.719009	132.384000	-9.722973
1662.719146	132.320000	-10.108640
1664.718915	132.320000	-10.065680
1666.719411	132.274000	-9.569961
1668.719543	132.191000	-9.413911
1670.719466	132.121000	-10.121820
1672.720132	132.121000	-10.110470
1674.720193	132.070000	-9.727233
1676.719701	132.002000	-9.758237
1678.719933	131.944000	-9.813360
1680.721403	131.885000	-10.380820
1682.721683	131.885000	-9.391819
1684.722088	131.805000	-9.858551
1686.722194	131.758000	-10.113300
1688.721778	131.703000	-9.745874
1690.722037	131.703000	-9.854905
1692.721889	131.632000	-10.031630
1694.723508	131.574000	-10.306040
1696.724094	131.517000	-10.564230
1698.724198	131.476000	-9.555980
1700.725582	131.476000	-10.108850
1702.725819	131.424000	-9.934350
1704.727426	131.382000	-9.462956
1706.727210	131.317000	-9.807081
1708.727392	131.317000	-9.739390
1710.727225	131.260000	-9.986840
1712.728540	131.190000	-9.925024
1714.728229	131.119000	-9.875980
1716.728281	131.119000	-10.307050
1718.728174	131.065000	-9.858148
1720.727760	131.022000	-9.598739
1722.727816	130.958000	-10.002850
1724.727908	130.896000	-9.562056
1726.727879	130.896000	-9.948533
1728.727711	130.855000	-9.750328
1730.728508	130.800000	-9.920765
1732.727702	130.763000	-10.314750
1734.728511	130.763000	-9.898271
1736.727729	130.712000	-9.592655
1738.729463	130.664000	-9.184492
1740.729107	130.627000	-9.391009
1742.728894	130.627000	-10.627450
1744.728848	130.579000	-9.976302
1746.729603	130.513000	-9.503080
1748.728889	130.454000	-10.003250
1750.729482	130.397000	-9.673924
1752.729323	130.397000	-9.529628
1754.730128	130.324000	-9.739993
1756.731420	130.277000	-10.452560
1758.731088	130.213000	-9.745259
1760.731230	130.213000	-8.941297
1762.730961	130.158000	-9.827138
1764.731343	130.124000	-10.110460
1766.731438	130.086000	-9.273867
1768.731207	130.086000	-9.132611
1770.730736	130.031000	-9.809104
1772.730842	129.996000	-10.436140
1774.730847	129.954000	-9.696015
1776.731150	129.908000	-11.986920
1778.731282	129.908000	-9.794512
1780.730861	129.862000	-9.656905
1782.732690	129.821000	-9.505108
1784.732709	129.758000	-9.653458
1786.732896	129.758000	-9.774445
1788.732746	129.696000	-10.208550
1790.732796	129.631000	-9.285622
1792.733294	129.574000	-9.895029
1794.732994	129.574000	-10.092830
1796.733407	129.534000	-8.982437
1798.734601	129.506000	-9.381280
1800.735150	129.453000	-10.307860
1802.735426	129.395000	-10.487820
1804.735311	129.395000	-9.562866
1806.735968	129.357000	-9.127542
1808.736587	129.317000	-10.461480
1810.735703	129.285000	-10.028790
1812.736509	129.285000	-9.116197
1814.737541	129.254000	-9.223407
1816.736803	129.198000	-10.283130
1818.736670	129.156000	-10.416890
1820.737325	129.156000	-9.195641
1822.737661	129.112000	-9.425460
1824.736797	129.046000	-10.627460
1826.737667	128.985000	-9.737560
1828.737696	128.925000	-9.011824
1830.739353	128.925000	-9.883885
1832.739454	128.846000	-10.225170
1834.739155	128.790000	-9.112546
1836.739479	128.749000	-9.306697
1838.739551	128.749000	-10.426210
1840.739357	128.696000	-9.790049
1842.739970	128.641000	-9.089646
1844.740219	128.607000	-10.134370
1846.740744	128.607000	-10.845720
1848.740906	128.567000	-9.682026
1850.742409	128.545000	-8.744300
1852.741879	128.497000	-10.268130
1854.742745	128.445000	-10.328120
1856.744609	128.445000	-8.764778
1858.745394	128.397000	-9.301633
1860.745115	128.362000	-10.580230
1862.745874	128.307000	-10.442220
1864.745770	128.307000	-9.567927
1866.746034	128.259000	-9.418971
1868.746019	128.215000	-10.397230
1870.746334	128.169000	-10.169030
1872.746382	128.169000	-8.991144
1874.747329	128.115000	-9.584953
1876.747087	128.070000	-10.444040
1878.747310	128.017000	-9.666622
1880.748467	127.967000	-9.372965
1882.748590	127.967000	-9.970011
1884.748251	127.939000	-9.913671
1886.748369	127.879000	-9.442075
1888.747672	127.830000	-9.412081
1890.749569	127.830000	-10.872070
1892.749022	127.772000	-10.481940
1894.749497	127.715000	-9.479363
1896.749675	127.675000	-9.494764
1898.750115	127.675000	-9.880229
1900.749778	127.626000	-10.052900
1902.750783	127.560000	-9.699253
1904.751288	127.516000	-10.001830
1906.751396	127.471000	-9.934343
1908.751496	127.471000	-9.207389
1910.750925	127.404000	-9.588190
1912.751506	127.355000	-9.734109
1914.751475	127.307000	-9.694994
1916.751369	127.307000	-9.409440
1918.751676	127.271000	-9.559816
1920.751809	127.231000	-10.218480
1922.752213	127.200000	-9.795519
1924.752524	127.200000	-10.021080
1926.752042	127.149000	-9.224006
1928.753455	127.101000	-9.396880
1930.754114	127.062000	-10.072560
1932.755417	127.007000	-10.078030
1934.755518	127.007000	-9.827945
1936.755288	126.961000	-9.868073
1938.754959	126.917000	-9.536313
1940.756406	126.863000	-9.824703
1942.755747	126.863000	-9.655884
1944.756214	126.840000	-9.508751
1946.756254	126.806000	-9.657909
1948.757215	126.760000	-9.371746
1950.757623	126.760000	-10.256580
1952.757543	126.719000	-9.807268
1954.756821	126.681000	-9.173540
1956.757514	126.619000	-9.870503
1958.757610	126.563000	-9.753157
1960.757182	126.563000	-9.764101
1962.757277	126.505000	-9.698644
1964.758513	126.431000	-9.775247
1966.758622	126.377000	-10.144100
1968.757982	126.377000	-9.909819
1970.757753	126.342000	-9.915901
1972.757728	126.278000	-10.019860
1974.758459	126.256000	-9.764507
1976.758624	126.256000	-9.577045
1978.757950	126.225000	-9.555362
1980.759285	126.169000	-9.935154
1982.759862	126.150000	-9.992102
1984.760495	126.120000	-9.287038
1986.759979	126.120000	-9.902524
1988.760211	126.081000	-10.119580
1990.759669	126.035000	-9.991697
1992.760394	125.991000	-9.858544
1994.759841	125.991000	-9.611704
1996.760205	125.943000	-10.040330
1998.761539	125.885000	-9.657909
2000.761180	125.838000	-9.569952
2002.761253	125.838000	-9.930087
2004.761055	125.792000	-9.505710
2006.761355	125.753000	-9.780727
2008.762527	125.699000	-10.099720
2010.763440	125.658000	-9.841527
2012.763196	125.658000	-9.999197
2014.763443	125.616000	-9.169491
2016.763055	125.573000	-9.491525
2018.763275	125.531000	-9.976089
2020.764179	125.531000	-9.700875
2022.764053	125.483000	-9.972444
2024.764361	125.444000	-9.870298
2026.763691	125.392000	-9.850036
2028.763813	125.392000	-10.088370
2030.763862	125.333000	-9.753565
2032.765253	125.306000	-10.054520
2034.764998	125.253000	-9.785991
2036.765767	125.200000	-9.310140
2038.766092	125.200000	-10.199020
2040.767222	125.172000	-9.828351
2042.767154	125.130000	-9.296558
2044.767213	125.090000	-9.286629
2046.766888	125.090000	-9.481791
2048.767266	125.055000	-9.760864
2050.768345	125.002000	-9.270616
2052.768035	124.947000	-9.864223
2054.768547	124.947000	-10.021080
2056.767749	124.890000	-9.302842
2058.767710	124.829000	-9.495169
2060.768126	124.798000	-10.635550
2062.767731	124.766000	-9.686883
2064.768033	124.766000	-9.701883
2066.768793	124.724000	-9.762070
2068.769247	124.695000	-10.401480
2070.769237	124.651000	-10.015610
2072.768952	124.651000	-9.196441
2074.769126	124.583000	-10.193550
2076.768995	124.543000	-10.380200
2078.770264	124.495000	-10.158490
2080.770007	124.495000	-10.388300
2082.770354	124.435000	-10.102150
2084.770160	124.391000	-9.737350
2086.770602	124.335000	-9.157328
2088.770096	124.279000	-9.901307
2090.770037	124.279000	-10.140650
2092.770289	124.223000	-9.050117
2094.771410	124.193000	-9.582312
2096.770849	124.133000	-9.955214
2098.772398	124.133000	-10.396610
2100.771865	124.080000	-9.431935
2102.772169	124.018000	-9.707761
2104.772131	123.956000	-9.928866
2106.771978	123.956000	-9.605012
2108.771803	123.921000	-9.743634
2110.773552	123.885000	-9.951158
2112.773675	123.855000	-10.016820
2114.773886	123.829000	-9.900697
2116.775550	123.829000	-9.486859
2118.776685	123.786000	-10.023510
2120.777296	123.733000	-10.329330
2122.776810	123.691000	-9.407817
2124.777442	123.691000	-9.806459
2126.777194	123.643000	-10.484370
2128.776960	123.580000	-9.886914
2130.776952	123.534000	-9.946094
2132.776852	123.534000	-9.695601
2134.777307	123.502000	-10.081470
2136.777434	123.460000	-9.749914
2138.777150	123.445000	-9.665204
2140.778387	123.411000	-10.001020
2142.778259	123.411000	-9.964128
2144.778625	123.380000	-9.446527
2146.778441	123.336000	-10.183210
2148.779643	123.303000	-10.564220
2150.778697	123.303000	-9.333850
2152.778751	123.267000	-9.377625
2154.778797	123.238000	-9.506116
2156.780071	123.194000	-9.904546
2158.779745	123.194000	-10.025740
2160.779690	123.123000	-10.023300
2162.781633	123.102000	-10.171450
2164.782251	123.069000	-9.913262
2166.782442	123.014000	-10.500580
2168.782966	123.014000	-10.715410
2170.783199	122.976000	-10.032830
2172.783764	122.933000	-9.641285
2174.784247	122.875000	-9.375394
2176.784696	122.875000	-10.394180
2178.785416	122.826000	-10.573340
2180.785038	122.782000	-9.991286
2182.786120	122.717000	-10.085930
2184.787465	122.717000	-9.920758
2186.787478	122.655000	-10.562600
2188.788468	122.600000	-10.488010
2190.788097	122.525000	-10.150580
2192.789614	122.468000	-10.509500
2194.790289	122.468000	-9.969804
2196.790581	122.423000	-9.896441
2198.790218	122.379000	-9.736737
2200.790205	122.338000	-9.569137
2202.791667	122.338000	-9.340735
2204.791760	122.288000	-9.434974
2206.791768	122.242000	-10.454770
2208.792466	122.200000	-9.645339
2210.791891	122.200000	-9.149621
2212.793206	122.165000	-10.262450
2214.793328	122.102000	-9.993310
2216.793505	122.050000	-9.848402
2218.793871	121.989000	-9.497389
2220.793789	121.989000	-9.915688
2222.794042	121.915000	-9.984595
2224.793877	121.864000	-9.607638
2226.794073	121.813000	-10.113080
2228.793978	121.813000	-9.953790
2230.794286	121.752000	-9.429092
2232.794278	121.712000	-9.960073
2234.793974	121.663000	-10.019650
2236.795445	121.663000	-9.687689
2238.795443	121.617000	-9.388766
2240.794688	121.574000	-9.389976
2242.795180	121.516000	-10.242180
2244.795643	121.472000	-9.667830
2246.795360	121.472000	-9.809083
2248.795432	121.424000	-10.403290
2250.795151	121.388000	-9.810910
2252.795048	121.330000	-9.908795
2254.796637	121.330000	-9.838672
2256.796403	121.270000	-10.072340
2258.796033	121.212000	-9.882853
2260.795929	121.145000	-9.706337
2262.797190	121.145000	-9.989454
2264.798189	121.083000	-10.139630
2266.798033	121.037000	-9.674517
2268.798473	120.988000	-9.704916
2270.799626	120.938000	-9.709985
2272.799418	120.938000	-10.042150
2274.798826	120.893000	-9.787605
2276.798748	120.836000	-9.786185
2278.800636	120.797000	-10.116320
2280.801587	120.797000	-9.770582
2282.800896	120.763000	-9.968178
2284.801462	120.712000	-10.136180
2286.801520	120.685000	-10.141450
2288.801125	120.685000	-10.189690
2290.801073	120.636000	-9.569135
2292.800787	120.580000	-9.851038
2294.801198	120.538000	-9.957234
2296.802530	120.480000	-9.748691
2298.801698	120.480000	-10.061810
2300.801781	120.419000	-9.466180
2302.802958	120.380000	-9.594263
2304.803266	120.315000	-10.164960
2306.804498	120.315000	-10.481530
2308.804242	120.242000	-10.077010
2310.803962	120.194000	-9.135233
2312.803679	120.148000	-9.367281
2314.805267	120.148000	-10.066060
2316.804802	120.092000	-9.413691
2318.805444	120.043000	-9.519680
2320.805518	120.016000	-9.631551
2322.805058	119.965000	-9.752137
2324.805590	119.965000	-10.130710
2326.804950	119.920000	-9.778486
2328.804903	119.884000	-9.730046
2330.805170	119.831000	-9.558797
2332.806417	119.831000	-9.607237
2334.807405	119.768000	-9.909607
2336.807477	119.736000	-9.515834
2338.808352	119.652000	-9.654047
2340.808321	119.652000	-9.580278
2342.809274	119.591000	-9.815975
2344.809286	119.539000	-10.342090
2346.808833	119.466000	-9.923996
2348.808989	119.413000	-9.955611
2350.809212	119.413000	-9.921768
2352.809301	119.354000	-9.708969
2354.809306	119.298000	-9.981348
2356.808775	119.263000	-9.464352
2358.809105	119.263000	-9.220551
2360.808993	119.215000	-9.756997
2362.809630	119.161000	-10.085520
2364.808729	119.130000	-9.564067
2366.809465	119.130000	-9.593047
2368.810038	119.080000	-10.338040
2370.810053	119.014000	-9.985610
2372.810148	118.955000	-9.839080
2374.810075	118.884000	-10.104970
2376.811428	118.884000	-10.158070
2378.811282	118.809000	-9.283579
2380.810759	118.758000	-10.240150
2382.811255	118.697000	-10.583060
2384.811137	118.697000	-10.055940
2386.811004	118.662000	-9.350457
2388.810732	118.609000	-10.589340
2390.811958	118.532000	-10.363160
2392.811818	118.532000	-9.661140
2394.812218	118.497000	-9.567307
2396.812677	118.457000	-10.509890
2398.814422	118.401000	-10.541710
2400.814392	118.337000	-9.630944
2402.813854	118.337000	-9.906562
2404.815303	118.274000	-10.512930
2406.815162	118.274000	-10.149960
2408.814905	118.155000	-8.347074
2410.815792	118.155000	-9.524751
2412.817529	118.079000	-9.586353
2414.817307	118.011000	-9.057202
2416.816897	117.969000	-10.025530
2418.817248	117.916000	-9.984996
2420.816871	117.916000	-9.343972
2422.817577	117.853000	-10.277640
2424.817065	117.773000	-10.414840
2426.817278	117.693000	-9.092668
2428.817962	117.693000	-9.669244
2430.817757	117.622000	-9.953783
2432.819591	117.577000	-9.543391
2434.819970	117.489000	-8.467048
2436.820715	117.489000	-9.216294
2438.820946	117.408000	-9.044633
2440.821332	117.301000	-9.586353
2442.822159	117.165000	-8.660995
2444.821782	117.058000	-9.205144
2446.823620	117.058000	-9.611281
2448.823637	116.982000	-9.417737
2450.822855	116.896000	-9.837048
2452.822681	116.764000	-10.312090
2454.824368	116.764000	-8.895678
2456.824061	116.601000	-8.336938
2458.823846	116.442000	-8.964381
2460.823865	116.175000	-9.869674
2462.825153	116.175000	-9.372947
2464.826541	115.895000	-9.929865
2466.826699	115.542000	-8.669911
2468.827296	115.340000	-8.555405
2470.828457	114.939000	-8.544866
2472.829344	114.939000	-10.047000
2474.829695	114.527000	-9.538322
2476.830623	114.250000	-8.811976
2478.829982	113.953000	-10.566230
2480.830796	113.953000	-10.100710
2482.831302	113.616000	-9.677349
2484.831290	113.349000	-10.186440
2486.832527	113.157000	-9.982153
2488.832631	113.157000	-9.988031
2490.831711	112.810000	-9.146578
2492.832341	112.615000	-10.629670
2494.833595	112.434000	-10.274800
2496.832783	112.114000	-8.893652
2498.832974	112.114000	-10.156040
2500.832870	111.860000	-10.055720
2502.833554	111.401000	-9.879809
2504.832854	111.078000	-9.414899
2506.833557	111.078000	-10.408150
2508.832885	110.885000	-10.427210
2510.833012	110.641000	-9.383491
2512.834468	110.421000	-9.754566
2514.835558	110.421000	-10.626220
2516.834770	110.239000	-9.602364
2518.835443	110.121000	-9.608041
2520.835219	109.975000	-10.479290
2522.836356	109.699000	-9.743417
2524.837394	109.699000	-9.663368
2526.838441	109.534000	-9.832996
2528.838043	109.293000	-10.208330
2530.837741	108.935000	-9.905548
2532.839526	108.935000	-10.357690
2534.838923	108.724000	-10.938720
2536.839047	108.358000	-9.625265
2538.838686	108.163000	-9.067336
2540.839447	108.163000	-10.186240
2542.838867	107.972000	-9.820627
2544.839448	107.689000	-9.439421
2546.839366	107.405000	-9.320458
2548.838735	107.378000	-9.628708
2550.839014	107.378000	-9.536698
2552.839649	107.313000	-9.506299
2554.839583	107.304000	-10.358700
2556.838960	107.306000	-9.280129
2558.840539	107.306000	-9.504069
2560.840648	107.169000	-10.513330
2562.840626	107.054000	-9.971411
2564.840117	106.912000	-9.758819
2566.840667	106.912000	-9.476710
2568.841979	106.596000	-9.608037
2570.842537	106.360000	-9.466372
2572.842480	106.054000	-9.429693
2574.841782	105.794000	-9.262698
2576.842954	105.794000	-9.369297
2578.843694	105.566000	-9.622829
2580.844159	105.528000	-10.177520
2582.844224	105.463000	-9.867445
2584.845650	105.463000	-9.383485
2586.845419	105.410000	-9.669239
2588.844766	105.403000	-9.304042
2590.844899	105.417000	-9.802390
2592.845549	105.417000	-10.047810
2594.845131	105.317000	-9.341125
2596.845181	105.230000	-9.874536
2598.844865	104.865000	-9.649984
2600.845015	104.709000	-10.121990
2602.845876	104.709000	-9.340926
2604.847597	104.522000	-9.113131
2606.846677	104.261000	-9.843734
2608.847323	104.112000	-9.974042
2610.848189	104.112000	-9.541967
2612.847758	103.885000	-9.818397
2614.849411	103.665000	-9.692138
2616.850026	103.513000	-9.961880
2618.849787	103.513000	-9.699836
2620.850775	103.465000	-10.198390
2622.851333	103.417000	-9.606817
2624.851273	103.427000	-9.114346
2626.851070	103.369000	-9.580674
2628.851282	103.369000	-9.839070
2630.850882	103.380000	-9.571147
2632.851107	103.341000	-9.265330
2634.852605	103.117000	-9.653228
2636.851799	103.117000	-10.098070
2638.852604	102.914000	-9.937766
2640.852556	102.797000	-10.109620
2642.851730	102.415000	-10.118540
2644.851890	102.415000	-10.079020
2646.853384	101.956000	-9.108469
2648.853383	101.836000	-9.687676
2650.852966	101.760000	-9.520279
2652.853405	101.650000	-9.522710
2654.852986	101.650000	-8.754822
2656.853284	101.631000	-9.842512
2658.853313	101.593000	-9.636204
2660.852944	101.349000	-8.796569
2662.853528	101.349000	-10.083280
2664.852997	101.092000	-10.136980
2666.853622	101.122000	-9.244048
2668.852771	101.074000	-9.834408
2670.854585	101.074000	-10.748820
2672.853998	101.030000	-10.205880
2674.853886	101.009000	-9.109889
2676.854287	100.826000	-9.761044
2678.853901	100.797000	-10.120770
2680.854362	100.797000	-9.388343
2682.854013	100.675000	-9.174536
2684.853975	100.478000	-9.555342
2686.854601	100.383000	-8.932558
2688.854597	100.383000	-9.807048
2690.854228	100.281000	-10.344510
2692.854045	100.115000	-9.266545
2694.854120	99.808000	-8.706787
2696.853733	99.808000	-9.836230
2698.854207	99.704000	-10.918650
2700.853811	99.508000	-9.338084
2702.853670	99.317000	-8.807712
2704.854398	98.978000	-9.850621
2706.854042	98.978000	-8.944108
2708.854238	98.964000	-9.658902
2710.853811	98.849000	-9.896623
2712.855312	98.819000	-8.947352
2714.855415	98.819000	-8.986871
2716.855497	98.771000	-9.998361
2718.854913	98.737000	-10.367400
2720.855256	98.762000	-8.295587
2722.855113	98.762000	-9.308695
2724.855019	98.727000	-10.092590
2726.854671	98.653000	-9.872505
2728.854693	98.480000	-9.736719
2730.855438	98.322000	-10.645870
2732.856332	98.322000	-9.153255
2734.856504	98.057000	-9.844944
2736.855751	97.920000	-10.438340
2738.856477	97.821000	-9.758610
2740.857418	97.821000	-8.407254
2742.857723	97.720000	-9.789211
2744.858502	97.592000	-9.837847
2746.859307	97.462000	-8.685104
2748.859545	97.462000	-9.398883
2750.859074	97.441000	-10.524880
2752.859438	97.393000	-9.021723
2754.858709	97.268000	-8.872972
2756.859463	97.225000	-9.846364
2758.858675	97.225000	-10.032610
2760.858776	97.127000	-8.962144
2762.859314	97.012000	-10.539870
2764.858697	96.932000	-9.953975
2766.858778	96.932000	-8.451843
2768.859317	96.668000	-9.461910
2770.859282	96.711000	-10.309860
2772.859591	96.607000	-8.944918
2774.860650	96.607000	-8.458527
2776.859879	96.568000	-9.619985
2778.859899	96.406000	-9.250532
2780.860227	96.338000	-9.383884
2782.859714	96.312000	-9.518455
2784.859907	96.312000	-8.848856
2786.860114	96.155000	-8.625723
2788.861549	96.205000	-10.594390
2790.861529	96.075000	-10.480900
2792.862385	96.075000	-8.610523
2794.862000	96.083000	-8.956874
2796.862738	96.007000	-9.854876
2798.862885	95.940000	-9.801171
2800.863264	95.940000	-9.765702
2802.863290	95.845000	-9.419960
2804.863702	95.859000	-9.045239
2806.863821	95.877000	-10.619720
2808.864640	95.746000	-8.997816
2810.864163	95.746000	-8.450622
2812.864698	95.670000	-8.699897
2814.864737	95.602000	-8.411713
2816.865444	95.452000	-9.332611
2818.865035	95.452000	-10.417260
2820.864789	95.503000	-10.372670
2822.865047	95.414000	-10.016600
2824.865288	95.393000	-10.138800
2826.865062	95.393000	-9.583709
2828.865493	95.369000	-9.022536
2830.865688	95.277000	-9.288833
2832.866476	95.232000	-8.631194
2834.865926	95.130000	-9.105021
2836.866357	95.130000	-9.251140
2838.866491	95.188000	-9.307477
2840.865689	95.096000	-9.009766
2842.866233	94.971000	-8.863447
2844.866221	94.971000	-10.578780
2846.865668	94.948000	-10.777190
2848.866269	94.883000	-10.611410
2850.867337	94.821000	-10.185410
2852.866949	94.821000	-10.867580
2854.867002	94.801000	-10.126030
2856.868096	94.742000	-10.661870
2858.867707	94.666000	-10.843260
2860.868034	94.659000	-9.827714
2862.868698	94.659000	-10.311070
2864.869161	94.558000	-11.040240
2866.869068	94.557000	-9.223369
2868.869363	94.546000	-8.154526
2870.868803	94.546000	-9.133793
2872.869019	94.463000	-9.716246
2874.868996	94.432000	-8.806899
2876.868957	94.430000	-9.042187
2878.869597	94.430000	-9.615117
2880.869532	94.321000	-8.921199
2882.869565	94.253000	-9.619982
2884.869515	94.206000	-8.991728
2886.868845	94.169000	-8.374415
2888.869190	94.169000	-8.753394
2890.869525	94.074000	-10.416040
2892.869706	94.048000	-8.133855
2894.870562	93.968000	-8.186550
2896.869917	93.968000	-8.875193
2898.871623	93.956000	-11.339780
2900.871216	93.922000	-10.110830
2902.871433	93.902000	-10.554250
2904.871336	93.902000	-9.975046
2906.871634	93.917000	-10.434680
2908.870697	93.838000	-11.350110
2910.870811	93.868000	-10.972350
2912.871664	93.797000	-9.899860
2914.871568	93.797000	-10.624780
2916.870914	93.830000	-10.995050
2918.871147	93.813000	-11.242700
2920.870749	93.738000	-12.055380
2922.871562	93.738000	-11.676200
2924.870991	93.698000	-11.290730
2926.871469	93.653000	-11.915540
2928.871002	93.572000	-12.086180
2930.873858	93.572000	-11.267220
2932.873698	93.604000	-10.883580
2934.875536	93.506000	-12.609660
2936.875479	93.471000	-12.004100
2938.874954	93.391000	-11.043280
2940.876457	93.391000	-10.572290
2942.877668	93.370000	-10.762590
2944.879042	93.339000	-11.870960
2946.880474	93.316000	-12.306270
2948.881410	93.316000	-11.200140
2950.880909	93.285000	-11.048540
2952.881398	93.244000	-11.556830
2954.881301	93.192000	-11.920000
2956.882374	93.192000	-8.791087
2958.881810	93.118000	-8.605246
2960.882724	93.084000	-9.069141
2962.884564	93.051000	-8.699282
2964.884146	93.084000	-11.471710
2966.884253	93.084000	-15.513200
2968.885253	93.032000	-9.728403
2970.885430	93.017000	-15.017690
2972.885035	92.968000	-8.889377
2974.885225	92.968000	-8.789871
2976.884670	92.923000	-8.763120
2978.885340	92.870000	-9.663144
2980.886375	92.865000	-8.636255
2982.886333	92.865000	-9.546613
2984.886555	92.806000	-9.491893
2986.886461	92.801000	-10.700780
2988.887511	92.763000	-8.637060
2990.886762	92.700000	-9.555531
2992.887353	92.700000	-8.972874
2994.886982	92.709000	-9.220124
2996.888277	92.659000	-8.364482
2998.887799	92.617000	-8.341379
3000.887864	92.617000	-9.725362
3002.888018	92.593000	-9.450755
3004.887665	92.549000	-8.706576
3006.888515	92.516000	-9.094676
3008.889667	92.516000	-9.277072
3010.889897	92.495000	-9.235931
3012.891569	92.463000	-8.991114
3014.892696	92.464000	-8.270448
3016.894052	92.439000	-8.502293
3018.894338	92.439000	-9.694762
3020.893666	92.374000	-9.826899
3022.894445	92.332000	-8.449399
3024.895333	92.306000	-8.471694
3026.894971	92.306000	-9.597485
3028.896211	92.257000	-9.784132
3030.896488	92.228000	-8.810340
3032.895802	92.207000	-9.145746
3034.895701	92.207000	-8.597749
3036.895805	92.177000	-9.031849
3038.896347	92.204000	-9.843513
3040.895834	92.172000	-8.938830
3042.896441	92.176000	-8.643346
3044.896829	92.176000	-9.179595
3046.897775	92.116000	-10.624370
3048.897874	92.076000	-9.291459
3050.899165	92.043000	-8.327191
3052.899065	92.043000	-9.045223
3054.899919	92.041000	-9.775014
3056.899670	92.009000	-10.214180
3058.901475	91.983000	-9.051305
3060.901595	91.983000	-8.499452
3062.900779	91.969000	-9.292471
3064.900961	91.947000	-9.838447
3066.900903	91.898000	-9.306862
3068.902399	91.904000	-8.716305
3070.901911	91.904000	-8.185123
3072.902597	91.903000	-9.405152
3074.903594	91.836000	-9.407587
3076.903621	91.858000	-9.890732
3078.904238	91.858000	-8.497832
3080.904037	91.805000	-8.111354
3082.905580	91.762000	-9.747045
3084.904911	91.780000	-9.998754
3086.904914	91.780000	-8.165061
3088.904683	91.748000	-8.645571
3090.905426	91.762000	-8.972062
3092.904965	91.721000	-9.310505
3094.905445	91.663000	-8.418387
3096.905258	91.663000	-8.794732
3098.905166	91.663000	-8.838713
3100.906586	91.617000	-8.090886
3102.907426	91.589000	-10.093390
3104.906880	91.589000	-9.752922
3106.907538	91.562000	-7.629424
3108.906731	91.528000	-9.040562
3110.907067	91.538000	-10.321800
3112.906686	91.538000	-9.617549
3114.907563	91.497000	-9.250929
3116.907307	91.462000	-8.464396
3118.907495	91.461000	-9.622613
3121.003308	91.395000	-9.954980
3123.593721	91.395000	-8.090080
3125.596580	91.369000	-9.252148
3127.597406	91.325000	-9.398264
3129.597005	91.299000	-9.773192
3131.597592	91.256000	-9.934105
3133.597217	91.256000	-8.638076
3135.597670	91.253000	-9.174324
3137.597963	91.258000	-10.061170
3139.599582	91.226000	-9.887083
3141.598905	91.226000	-9.024553
3143.598956	91.185000	-8.905792
3145.598744	91.152000	-8.937614
3147.600107	91.123000	-9.732455
3149.600426	91.123000	-9.174728
3151.600266	91.109000	-9.052520
3153.599850	91.110000	-8.706169
3155.600227	91.090000	-10.126830
3157.600607	91.066000	-9.836625
3159.601657	91.066000	-9.198437
3161.601682	91.050000	-9.075827
3163.601958	91.019000	-9.246062
3165.603353	91.004000	-9.572352
3167.604237	91.004000	-10.062790
3169.603680	91.012000	-9.183036
3171.604218	90.976000	-8.495604
3173.604056	90.982000	-9.217282
3175.605138	90.982000	-9.982740
3177.605291	90.965000	-8.833241
3179.605340	90.940000	-8.022592
3181.605049	90.929000	-9.256403
3183.606044	90.908000	-8.900122
3185.607419	90.908000	-10.257550
3187.607105	90.918000	-9.544179
3189.606719	90.883000	-8.132640
3191.608181	90.859000	-9.218907
3193.607673	90.859000	-10.142240
3195.607702	90.847000	-9.389145
3197.608268	90.816000	-8.002527
3199.607795	90.814000	-8.290304
3201.609369	90.814000	-8.985441
3203.609001	90.787000	-9.946467
3205.609657	90.744000	-9.381849
3207.609063	90.747000	-8.268014
3209.610544	90.713000	-8.789872
3211.609766	90.713000	-9.826493
3213.610097	90.686000	-9.741372
3215.610382	90.689000	-9.476896
3217.610415	90.665000	-9.827908
3219.610018	90.665000	-8.498645
3221.610106	90.624000	-9.842499
3223.610065	90.625000	-10.193920
3225.610373	90.568000	-7.933215
3227.609990	90.568000	-8.509386
3229.611548	90.539000	-10.295250
3231.610826	90.534000	-9.776434
3233.612375	90.512000	-9.044614
3235.612386	90.492000	-8.678811
3237.612550	90.492000	-9.328952
3239.612082	90.475000	-10.156630
3241.612877	90.459000	-11.149670
3243.613256	90.429000	-9.100958
3245.614349	90.429000	-8.162834
3247.613875	90.422000	-9.458252
3249.614139	90.404000	-10.157640
3251.614630	90.374000	-9.793865
3253.615369	90.374000	-9.436567
3255.615366	90.369000	-8.490943
3257.614669	90.347000	-9.409611
3259.614995	90.356000	-10.837980
3261.614893	90.346000	-9.207360
3263.614761	90.346000	-8.479189
3265.615535	90.303000	-9.921739
3267.615650	90.285000	-9.625246
3269.614778	90.262000	-9.368879
3271.616005	90.262000	-9.198036
3273.616526	90.214000	-9.258426
3275.616237	90.216000	-9.039955
3277.617662	90.200000	-9.465143
3279.617161	90.200000	-10.933230
3281.617163	90.181000	-9.449132
3283.617063	90.180000	-8.909237
3285.616803	90.170000	-9.553505
3287.616794	90.174000	-9.053535
3289.618396	90.174000	-8.889783
3291.619539	90.153000	-8.681849
3293.619176	90.128000	-9.231066
3295.618931	90.136000	-9.325101
3297.619086	90.136000	-9.551272
3299.619642	90.106000	-9.209584
3301.619076	90.094000	-9.040765
3303.618888	90.079000	-10.359900
3305.619170	90.079000	-9.354692
3307.619149	90.043000	-8.787844
3309.620262	90.030000	-8.975103
3311.619864	90.019000	-8.789060
3313.620114	90.011000	-9.237551
3315.619967	90.011000	-9.648349
3317.620111	90.003000	-8.100413
3319.620658	89.989000	-9.168846
3321.620879	89.965000	-10.123190
3323.621511	89.965000	-9.248089
3325.622398	89.978000	-9.564041
3327.623226	89.955000	-8.616794
3329.624086	89.923000	-9.147975
3331.624947	89.923000	-9.540937
3333.625803	89.890000	-10.124410
3335.626665	89.845000	-9.005097
3337.628101	89.821000	-8.942478
3339.628303	89.805000	-9.653009
3341.628573	89.805000	-9.547421
3343.628725	89.819000	-9.503039
3345.628835	89.815000	-9.239375
3347.628940	89.803000	-8.595720
3349.629147	89.803000	-9.676923
3351.630020	89.803000	-10.103530
3353.628760	89.779000	-8.744674
3355.628704	89.749000	-10.396170
3357.629375	89.749000	-9.686041
3359.629198	89.738000	-9.415691
3361.629091	89.720000	-8.928290
3363.629300	89.700000	-8.947541
3365.628735	89.681000	-8.595927
3367.630385	89.681000	-8.939030
3369.630345	89.657000	-9.292071
3371.630105	89.683000	-8.388194
3373.630121	89.670000	-8.163238
3375.630861	89.670000	-10.340240
3377.631157	89.653000	-10.012940
3379.631766	89.626000	-9.030838
3381.632082	89.594000	-9.017662
3383.631775	89.594000	-8.423456
3385.632379	89.580000	-8.828985
3387.631780	89.589000	-10.100080
3389.632138	89.570000	-8.781966
3391.633559	89.570000	-8.812770
3393.633089	89.570000	-9.584103
3395.633340	89.564000	-9.434335
3397.633095	89.556000	-8.619834
3399.633481	89.532000	-9.230864
3401.634561	89.532000	-8.958286
3403.633853	89.527000	-8.859993
3405.633784	89.530000	-8.994960
3407.634283	89.487000	-9.344150
3409.633798	89.487000	-8.524585
3411.634216	89.476000	-9.559176
3413.634584	89.457000	-9.463113
3415.633870	89.438000	-8.128381
3417.633911	89.439000	-9.109876
3419.634518	89.439000	-8.821689
3421.633983	89.410000	-8.695834
3423.634034	89.391000	-9.342130
3425.634553	89.400000	-8.718935
3427.634118	89.400000	-8.920792
3429.634387	89.375000	-12.055780
3431.634155	89.338000	-11.102450
3433.634341	89.314000	-9.712392
3435.634057	89.314000	-8.596124
3437.634527	89.297000	-9.686854
3439.633841	89.301000	-9.031040
3441.634215	89.309000	-8.815202
3443.634089	89.323000	-9.280515
3445.634106	89.323000	-8.874380
3447.634454	89.280000	-9.461697
3449.634126	89.258000	-9.670435
3451.633770	89.252000	-8.696034
3453.635629	89.252000	-8.895861
3455.635437	89.245000	-8.985031
3457.635432	89.227000	-9.193365
3459.634923	89.188000	-9.234914
3461.634792	89.188000	-9.034073
3463.634926	89.182000	-9.162558
3465.635099	89.174000	-9.506480
3467.634862	89.161000	-10.094610
3469.634918	89.140000	-9.498576
3471.635229	89.140000	-8.466621
3473.635501	89.122000	-9.542756
3475.634814	89.108000	-9.783923
3477.634917	89.117000	-9.359347
3479.634781	89.117000	-9.367251
3481.635386	89.110000	-8.839318
3483.634765	89.096000	-9.474867
3485.636245	89.088000	-9.983753
3487.636374	89.088000	-9.182423
3489.636386	89.080000	-9.517424
3491.636457	89.065000	-8.765953
3493.635784	89.034000	-9.531815
3495.635929	89.000000	-9.519859
3497.636511	89.000000	-8.926460
3499.636561	88.972000	-8.844384
3501.635840	88.954000	-10.045770
3503.636077	88.945000	-9.528369
3505.636353	88.945000	-7.604289
3507.636296	88.924000	-9.574373
3509.635850	88.924000	-10.129260
3511.637151	88.913000	-9.125070
3513.638488	88.913000	-9.565050
3515.637946	88.901000	-10.120950
3517.637783	88.887000	-8.979559
3519.638150	88.879000	-10.031580
3521.637957	88.878000	-10.463860
3523.639468	88.878000	-9.242614
3525.639696	88.857000	-9.812907
3527.639828	88.848000	-9.605379
3529.640090	88.831000	-9.424197
3531.641605	88.831000	-10.532360
3533.640963	88.808000	-9.508306
3535.641389	88.815000	-9.726776
3537.641323	88.793000	-9.562417
3539.642257	88.793000	-10.050630
3541.641875	88.790000	-8.218158
3543.642734	88.789000	-8.309759
3545.644641	88.763000	-9.927818
3547.643822	88.750000	-9.272405
3549.645343	88.750000	-9.809262
3551.645505	88.744000	-10.073940
3553.646120	88.730000	-9.199246
3555.646333	88.713000	-10.027930
3557.645727	88.713000	-10.353610
3559.645716	88.699000	-9.553905
3561.645922	88.689000	-9.446091
3563.646027	88.681000	-9.098724
3565.645824	88.681000	-9.091025
3567.646697	88.669000	-10.627810
3569.647538	88.660000	-9.296929
3571.646694	88.671000	-9.239980
3573.648361	88.660000	-10.500340
3575.648451	88.660000	-9.593220
3577.647748	88.667000	-9.949907
3579.648219	88.642000	-9.621794
3581.647794	88.636000	-10.394550
3583.648825	88.636000	-8.986650
3585.648935	88.636000	-10.734210
3587.648849	88.620000	-9.571535
3589.649013	88.593000	-9.173711
3591.649552	88.593000	-10.325440
3593.648909	88.563000	-10.101300
3595.649447	88.553000	-9.961865
3597.650265	88.539000	-10.447850
3599.650360	88.538000	-9.326925
3601.651222	88.538000	-9.224173
3603.650676	88.524000	-10.939310
3605.650785	88.497000	-9.806221
3607.650897	88.477000	-7.126613
3609.651013	88.477000	-9.167222
3611.650815	88.491000	-8.679615
3613.651247	88.487000	-9.943829
3615.650672	88.461000	-10.968490
3617.650999	88.461000	-9.744812
3619.651143	88.448000	-9.011984
3621.650961	88.429000	-10.171620
3623.652474	88.440000	-10.045360
3625.652529	88.439000	-8.771825
3627.652503	88.439000	-9.586934
3629.651779	88.415000	-10.210330
3631.651765	88.390000	-8.873157
3633.652054	88.383000	-10.900180
3635.652597	88.383000	-7.342450
3637.652674	88.370000	-8.568355
3639.653059	88.360000	-10.596190
3641.653536	88.355000	-10.005430
3643.653171	88.355000	-7.787290
3645.652739	88.350000	-8.614967
3647.654256	88.346000	-8.241055
3649.654227	88.342000	-7.645833
3651.655567	88.329000	-8.795940
3653.655473	88.329000	-10.382180
3655.655439	88.312000	-8.529443
3657.655352	88.296000	-10.216200
3659.655389	88.300000	-9.649153
3661.655057	88.300000	-8.591256
3663.655514	88.297000	-10.121360
3665.656497	88.279000	-9.717451
3667.656103	88.251000	-9.026373
3669.656393	88.251000	-10.171820
3671.655919	88.250000	-8.919367
3673.656142	88.243000	-8.998810
3675.656400	88.219000	-9.787773
3677.657187	88.205000	-8.975706
3679.657463	88.205000	-8.469660
3681.658440	88.213000	-9.762036
3683.658426	88.223000	-8.859987
3685.658682	88.223000	-6.725139
3687.659012	88.223000	-10.149930
3689.658721	88.225000	-9.085141
3691.658925	88.205000	-6.804178
3693.660346	88.181000	-10.012730
3695.660926	88.181000	-9.238152
3697.662224	88.152000	-8.634827
3699.662948	88.122000	-9.997326
3701.662841	88.100000	-8.773247
3703.662840	88.101000	-10.027530
3705.662946	88.101000	-7.702583
3707.662764	88.112000	-9.354689
3709.663361	88.111000	-8.786420
3711.663603	88.094000	-9.758186
3713.664232	88.094000	-9.666381
3715.663773	88.089000	-9.798719
3717.664056	88.076000	-9.240785
3719.664203	88.057000	-9.596057
3721.664565	88.057000	-9.436362
3723.664424	88.051000	-10.086700
3725.663835	88.028000	-9.641252
3727.664247	88.005000	-8.958886
3729.663939	87.989000	-9.595651
3731.665494	87.989000	-9.610042
3733.664844	87.980000	-9.114936
3735.665188	87.963000	-9.412038
3737.666179	87.967000	-9.050284
3739.665766	87.967000	-8.960914
3741.666501	87.957000	-10.095010
3743.666266	87.940000	-10.007860
3745.666099	87.928000	-8.842357
3747.665730	87.928000	-7.721630
3749.666476	87.914000	-9.879987
3751.666421	87.908000	-10.234650
3753.665768	87.909000	-9.453988
3755.667398	87.913000	-9.360358
3757.667362	87.913000	-9.152023
3759.667698	87.893000	-10.044350
3761.667720	87.866000	-10.146090
3763.667737	87.851000	-9.501615
3765.669209	87.851000	-9.079266
3767.668898	87.849000	-9.555520
3769.670313	87.838000	-9.587952
3771.670176	87.820000	-9.650370
3773.671221	87.820000	-7.887206
3775.671186	87.806000	-8.340362
3777.670787	87.801000	-8.384946
3779.671175	87.788000	-7.314887
3781.670723	87.797000	-9.256593
3783.670802	87.797000	-9.506071
3785.670914	87.802000	-9.161750
3787.670800	87.789000	-9.808447
3789.672263	87.778000	-9.182220
3791.672572	87.778000	-9.749473
3793.671887	87.766000	-9.449735
3795.672838	87.752000	-9.738531
3797.672813	87.745000	-9.700022
3799.674594	87.745000	-7.829850
3801.674894	87.733000	-8.487084
3803.675115	87.712000	-7.777968
3805.675413	87.708000	-9.401701
3807.674950	87.697000	-9.478101
3809.675699	87.697000	-8.841947
3811.676489	87.679000	-9.519448
3813.677363	87.688000	-9.787567
3815.678416	87.686000	-9.869649
3817.679501	87.686000	-9.497558
3819.678761	87.675000	-8.992725
3821.680075	87.657000	-8.830396
3823.681131	87.646000	-8.805063
3825.680958	87.646000	-7.805328
3827.680815	87.623000	-8.549507
3829.680948	87.611000	-8.406019
3831.680933	87.609000	-8.951585
3833.680930	87.600000	-8.311985
3835.680801	87.600000	-7.981240
3837.681148	87.594000	-7.827015
3839.681161	87.598000	-7.364336
3841.680682	87.605000	-10.553020
3843.681313	87.605000	-10.183170
3845.682464	87.589000	-10.006240
3847.682582	87.579000	-9.596866
3849.682653	87.588000	-7.777159
3851.682545	87.588000	-10.773120
3853.681789	87.574000	-7.730341
3855.683634	87.565000	-9.776424
3857.683633	87.552000	-10.051840
3859.682699	87.525000	-9.974424
3861.683549	87.525000	-10.046780
3863.683230	87.518000	-9.928617
3865.683187	87.485000	-9.277469
3867.682858	87.481000	-10.053260
3869.683486	87.481000	-10.006440
3871.682744	87.472000	-9.774598
3873.683058	87.468000	-10.111220
3875.684033	87.457000	-8.995161
3877.683838	87.457000	-9.757573
3879.684021	87.438000	-10.239700
3881.684153	87.420000	-10.465070
3883.684261	87.412000	-9.311715
3885.685586	87.401000	-9.527348
3887.684898	87.401000	-9.119797
3889.685603	87.400000	-9.726364
3891.685682	87.388000	-7.929357
3893.686473	87.371000	-7.952461
3895.687560	87.371000	-9.318605
3897.687245	87.357000	-9.294288
3899.687296	87.343000	-9.947672
3901.687278	87.337000	-8.829986
3903.686797	87.337000	-9.459256
3905.686734	87.320000	-7.528695
3907.686846	87.327000	-6.456407
3909.688466	87.313000	-9.016642
3911.689089	87.317000	-9.398458
3913.689016	87.317000	-9.170662
3915.688775	87.298000	-9.322665
3917.690031	87.286000	-9.327525
3919.690333	87.278000	-9.304422
3921.690112	87.278000	-7.544907
3923.689804	87.273000	-9.330163
3925.691202	87.256000	-9.219711
3927.691240	87.268000	-9.310297
3929.692617	87.268000	-7.062368
3931.691726	87.266000	-9.822222
3933.692693	87.252000	-8.454862
3935.693195	87.237000	-9.296319
3937.694542	87.222000	-8.992120
3939.694269	87.222000	-9.764669
3941.693990	87.200000	-8.423652
3943.693927	87.196000	-9.601322
3945.694177	87.193000	-9.445882
3947.694157	87.193000	-9.546196
3949.695242	87.185000	-8.531468
3951.695043	87.160000	-9.984966
3953.695893	87.167000	-9.505056
3955.697566	87.167000	-10.118920
3957.696878	87.164000	-9.730012
3959.697332	87.166000	-8.507959
3961.697639	87.145000	-9.049880
3963.696935	87.153000	-8.073452
3965.696827	87.153000	-8.854108
3967.697404	87.160000	-9.736499
3969.696874	87.164000	-9.836409
3971.697183	87.151000	-9.764263
3973.698206	87.151000	-7.155184
3975.698147	87.116000	-9.602742
3977.697681	87.096000	-9.714000
3979.697757	87.085000	-9.454998
3981.698211	87.085000	-9.760207
3983.698244	87.082000	-9.105609
3985.698454	87.083000	-7.242327
3987.697998	87.077000	-10.151750
3989.698057	87.059000	-10.293610
3991.697716	87.059000	-7.669136
3993.698726	87.037000	-9.255980
3995.700533	87.032000	-10.172620
3997.700458	87.020000	-9.426421
3999.701179	87.020000	-9.897608
4001.700933	87.007000	-9.856065
4003.701229	87.009000	-9.062237
4005.701294	86.998000	-9.554912
4007.700809	86.998000	-10.308610
4009.700953	86.985000	-8.928479
4011.701001	86.985000	-9.461278
4013.700668	86.983000	-9.656441
4015.700758	86.976000	-9.262263
4017.700695	86.976000	-8.446549
4019.700933	86.974000	-9.658268
4021.701166	86.955000	-9.121212
4023.702657	86.939000	-10.709680
4025.703618	86.939000	-9.418720
4027.704253	86.930000	-9.715417
4029.704371	86.905000	-10.314490
4031.704973	86.905000	-8.486672
4033.705280	86.905000	-9.143098
4035.705023	86.890000	-10.473370
4037.705294	86.895000	-7.637922
4039.706653	86.878000	-9.092026
4041.706653	86.871000	-10.449050
4043.706062	86.871000	-9.427635
4045.707429	86.864000	-8.455055
4047.707530	86.849000	-10.221260
4049.708365	86.838000	-8.788233
4051.709354	86.838000	-9.627053
4053.708741	86.849000	-10.232810
4055.710618	86.841000	-7.988325
4057.710675	86.831000	-9.479312
4059.710790	86.831000	-10.001980
4061.710814	86.808000	-8.519507
4063.711396	86.803000	-8.159372
4065.711352	86.807000	-10.192680
4067.710949	86.809000	-9.551057
4069.710812	86.809000	-10.960980
4071.710967	86.799000	-9.407367
4073.710769	86.790000	-8.850047
4075.710790	86.770000	-10.788110
4077.711269	86.770000	-10.404670
4079.711445	86.761000	-9.193355
4081.711645	86.741000	-10.523030
4083.711723	86.747000	-7.006226
4085.711879	86.747000	-9.124247
4087.711723	86.744000	-11.368530
4089.712046	86.721000	-9.755946
4091.712609	86.715000	-9.119588
4093.711797	86.701000	-10.763180
4095.712142	86.701000	-9.020690
4097.711684	86.683000	-9.323265
4099.712086	86.697000	-11.188160
4101.711915	86.684000	-8.645766
4103.712195	86.684000	-9.332788
4105.712514	86.677000	-10.869990
4107.712090	86.665000	-9.009542
4109.712484	86.662000	-9.662521
4111.712194	86.662000	-10.203830
4113.712133	86.662000	-8.784183
4115.712605	86.656000	-10.534570
4117.711853	86.640000	-10.722650
4119.713302	86.639000	-8.586992
4121.712803	86.639000	-8.704330
4123.713441	86.628000	-10.295840
4125.713101	86.636000	-8.417567
4127.714190	86.635000	-10.361300
4129.714904	86.635000	-11.065960
4131.714815	86.611000	-8.461345
4133.715584	86.596000	-10.541260
4135.715383	86.582000	-10.340630
4137.715136	86.582000	-8.357979
4139.715604	86.578000	-10.574910
4141.715503	86.572000	-10.420680
4143.715599	86.567000	-7.954281
4145.714698	86.562000	-10.823160
4147.715459	86.562000	-4.297441
4149.715038	86.548000	-8.859168
4151.715188	86.553000	-11.166680
4153.715097	86.541000	-9.977862
4155.716167	86.541000	-9.024942
4157.715879	86.526000	-9.938344
4159.715898	86.526000	-10.308000
4161.716018	86.513000	-8.883687
4163.716369	86.513000	-10.712920
4165.717496	86.510000	-10.171410
4167.717116	86.499000	-9.148364
4169.716873	86.478000	-8.889364
4171.717204	86.476000	-9.809040
4173.717334	86.476000	-8.812556
4175.716828	86.474000	-10.896940
4177.717792	86.470000	-10.291180
4179.718706	86.449000	-9.276451
4181.720154	86.449000	-8.021766
4183.719919	86.445000	-9.019879
4185.721478	86.434000	-9.390344
4187.720837	86.423000	-10.827620
4189.720698	86.423000	-9.567471
4191.721236	86.405000	-8.607055
4193.721375	86.395000	-10.166130
4195.722450	86.391000	-9.221120
4197.721998	86.385000	-9.167621
4199.721789	86.385000	-11.000900
4201.721875	86.385000	-9.123436
4203.722502	86.371000	-9.458236
4205.722281	86.374000	-11.602810
4207.723319	86.374000	-8.940031
4209.723261	86.360000	-7.132684
4211.723172	86.353000	-9.428039
4213.723634	86.334000	-7.943538
4215.723622	86.334000	-9.544972
4217.722861	86.338000	-8.815797
4219.722734	86.334000	-8.595703
4221.723596	86.323000	-10.032380
4223.723007	86.316000	-10.177690
4225.723192	86.316000	-9.401286
4227.723537	86.320000	-10.001770
4229.723801	86.329000	-9.260641
4231.725646	86.307000	-9.311102
4233.725577	86.307000	-8.503291
4235.725494	86.286000	-9.696363
4237.725578	86.271000	-9.202274
4239.725684	86.250000	-9.997322
4241.726225	86.250000	-9.800329
4243.726331	86.242000	-9.805801
4245.727193	86.233000	-10.289150
4247.727189	86.223000	-9.691704
4249.728581	86.219000	-9.214232
4251.728216	86.219000	-10.567410
4253.727705	86.201000	-9.662722
4255.728165	86.188000	-9.772569
4257.727979	86.181000	-10.834310
4259.728287	86.181000	-9.826675
4261.728494	86.188000	-8.219358
4263.728330	86.196000	-9.504847
4265.728036	86.183000	-8.784179
4267.729600	86.183000	-9.928816
4269.730483	86.163000	-11.133440
4271.730747	86.150000	-9.465122
4273.732243	86.145000	-9.694539
4275.733532	86.146000	-10.876260
4277.733124	86.146000	-9.848765
4279.733656	86.134000	-10.051220
4281.733863	86.136000	-8.490725
4283.734260	86.134000	-9.476266
4285.733924	86.134000	-7.444987
4287.734479	86.130000	-10.584020
4289.733690	86.116000	-9.296916
4291.735424	86.102000	-8.359398
4293.735415	86.102000	-10.253480
4295.735377	86.082000	-9.102764
4297.734820	86.078000	-9.965904
4299.735552	86.070000	-10.177080
4301.736481	86.065000	-7.019797
4303.735869	86.065000	-10.278000
4305.736132	86.065000	-10.099250
4307.736990	86.056000	-9.015619
4309.736825	86.055000	-9.548215
4311.736856	86.055000	-9.509304
4313.737255	86.052000	-8.765333
4315.738367	86.032000	-10.563960
4317.738166	86.028000	-9.650155
4319.738574	86.028000	-9.392773
4321.739602	86.016000	-10.188630
4323.739498	86.003000	-9.639617
4325.738780	85.993000	-9.683392
4327.738738	85.995000	-10.795800
4329.739261	85.995000	-9.235506
4331.738950	85.989000	-9.731218
4333.739669	85.994000	-10.078990
4335.739730	85.992000	-9.754521
4337.741293	85.992000	-10.223890
4339.742173	85.986000	-9.696362
4341.743279	85.971000	-9.400271
4343.742967	85.958000	-10.663870
4345.743369	85.958000	-9.061012
4347.743011	85.945000	-8.363048
4349.742956	85.940000	-10.217610
4351.743010	85.935000	-8.360209
4353.743329	85.924000	-10.476210
4355.744016	85.924000	-10.478640
4357.744514	85.933000	-8.133836
4359.743877	85.930000	-9.490053
4361.743930	85.914000	-9.502213
4363.744141	85.914000	-10.518970
4365.743916	85.900000	-10.162480
4367.743748	85.896000	-9.267732
4369.744453	85.875000	-10.205250
4371.744384	85.875000	-10.228350
4373.745336	85.871000	-9.770941
4375.744706	85.850000	-10.390070
4377.744699	85.846000	-9.295092
4379.745569	85.846000	-9.327924
4381.745367	85.846000	-10.547950
4383.746339	85.835000	-9.786952
4385.745666	85.842000	-9.196597
4387.747579	85.844000	-9.895985
4389.748062	85.844000	-9.444047
4391.747855	85.826000	-10.179710
4393.747774	85.838000	-10.132290
4395.748162	85.832000	-9.567263
4397.748046	85.832000	-9.678322
4399.749331	85.822000	-10.204640
4401.749567	85.816000	-8.257255
4403.748679	85.787000	-9.920099
4405.749555	85.771000	-9.782491
4407.749049	85.771000	-9.958404
4409.749577	85.755000	-10.144440
4411.749327	85.748000	-10.290160
4413.749721	85.745000	-9.722704
4415.751325	85.745000	-10.097230
4417.752162	85.754000	-10.351360
4419.752538	85.746000	-9.321641
4421.752726	85.732000	-10.528290
4423.752933	85.737000	-9.139038
4425.753326	85.737000	-9.687849
4427.752734	85.716000	-10.084260
4429.754322	85.702000	-8.356561
4431.753940	85.708000	-9.922939
4433.753934	85.708000	-10.459580
4435.753819	85.692000	-9.051488
4437.754262	85.687000	-10.039270
4439.754072	85.688000	-9.530379
4441.754499	85.688000	-9.864165
4443.754153	85.665000	-10.194100
4445.754355	85.678000	-8.210642
4447.754228	85.671000	-9.922938
4449.754069	85.656000	-9.435736
4451.754001	85.656000	-10.063590
4453.754397	85.648000	-9.623202
4455.754597	85.642000	-10.012920
4457.754006	85.627000	-9.855651
4459.753782	85.627000	-9.569288
4461.754254	85.630000	-10.514300
4463.753832	85.626000	-9.988804
4465.753685	85.608000	-9.254964
4467.754169	85.608000	-10.002180
4469.755610	85.610000	-9.862139
4471.755578	85.595000	-10.147290
4473.756619	85.586000	-9.674065
4475.755949	85.577000	-9.922532
4477.755764	85.577000	-8.556792
4479.756483	85.571000	-9.902266
4481.755914	85.562000	-10.293400
4483.756180	85.558000	-10.138370
4485.756870	85.558000	-9.899631
4487.757026	85.547000	-10.077570
4489.757126	85.551000	-9.890515
4491.758236	85.554000	-10.704400
4493.758066	85.554000	-10.107360
4495.758671	85.544000	-8.813160
4497.760064	85.532000	-9.932665
4499.759818	85.504000	-9.124246
4501.760221	85.504000	-9.207538
4503.759932	85.504000	-7.995825
4505.759953	85.502000	-9.491265
4507.760117	85.502000	-10.065610
4509.760683	85.492000	-10.745130
4511.760920	85.492000	-9.179164
4513.760874	85.489000	-9.944824
4515.762509	85.490000	-9.533625
4517.761931	85.481000	-9.613473
4519.763514	85.481000	-10.389870
4521.763078	85.461000	-10.117500
4523.764333	85.454000	-9.787763
4525.763902	85.440000	-10.230380
4527.765158	85.430000	-9.654818
4529.764681	85.430000	-9.852614
4531.765518	85.420000	-9.722101
4533.764769	85.417000	-8.561654
4535.764944	85.403000	-9.875514
4537.765441	85.403000	-9.801547
4539.765403	85.402000	-10.135320
4541.764717	85.406000	-9.585301
4543.765334	85.405000	-9.627657
4545.766138	85.405000	-9.928810
4547.765958	85.394000	-9.555507
4549.765836	85.386000	-9.620968
4551.766401	85.386000	-9.477485
4553.766173	85.386000	-9.315562
4555.767111	85.377000	-10.374270
4557.767633	85.362000	-9.636779
4559.767109	85.364000	-9.493093
4561.766901	85.354000	-10.317320
4563.767006	85.354000	-9.862743
4565.767276	85.345000	-9.148765
4567.767328	85.332000	-10.478640
4569.766843	85.331000	-8.263741
4571.768635	85.331000	-10.295830
4573.768362	85.325000	-10.816680
4575.769391	85.326000	-7.895705
4577.769626	85.322000	-9.929013
4579.769386	85.311000	-10.128440
4581.769048	85.311000	-9.194567
4583.769520	85.295000	-10.689200
4585.768975	85.287000	-9.771751
4587.770422	85.279000	-8.915907
4589.771041	85.279000	-10.938280
4591.772630	85.280000	-9.527946
4593.771682	85.262000	-9.447289
4595.771724	85.259000	-10.744120
4597.771901	85.259000	-9.494103
4599.772535	85.257000	-9.926992
4601.773301	85.250000	-11.228690
4603.772717	85.233000	-8.687507
4605.772803	85.226000	-7.742901
4607.773088	85.226000	-9.854032
4609.772973	85.212000	-9.358726
4611.773663	85.217000	-10.769050
4613.772720	85.213000	-9.582864
4615.772876	85.213000	-7.078978
4617.773585	85.213000	-10.812020
4619.773125	85.210000	-9.916450
4621.773546	85.198000	-9.767902
4623.772965	85.198000	-10.030150
4625.772707	85.189000	-9.508085
4627.773561	85.183000	-10.319750
4629.773265	85.163000	-8.471267
4631.773025	85.149000	-10.061960
4633.773341	85.149000	-9.504844
4635.773650	85.160000	-9.741961
4637.772793	85.156000	-10.381970
4639.772742	85.147000	-9.928815
4641.774571	85.147000	-10.618470
4643.773680	85.140000	-9.626849
4645.773770	85.130000	-10.193090
4647.773953	85.124000	-10.591320
4649.774569	85.124000	-9.588138
4651.774353	85.119000	-9.951514
4653.773977	85.111000	-10.205050
4655.774679	85.102000	-7.466061
4657.775450	85.110000	-8.859972
4659.776293	85.110000	-9.574965
4661.776495	85.101000	-7.996836
4663.776268	85.089000	-9.810864
4665.775781	85.080000	-10.168560
4667.775681	85.080000	-9.766480
4669.776000	85.077000	-10.080410
4671.777531	85.078000	-9.267732
4673.777560	85.074000	-6.814302
4675.776692	85.074000	-10.162690
4677.778631	85.060000	-9.721689
4679.779453	85.053000	-9.987382
4681.779566	85.046000	-10.537210
4683.779245	85.039000	-9.083914
4685.779511	85.039000	-9.470997
4687.779418	85.034000	-10.952050
4689.778761	85.037000	-9.638196
4691.780358	85.035000	-10.726080
4693.779931	85.035000	-9.879971
4695.780437	85.019000	-9.363384
4697.779730	85.005000	-10.483090
4699.779734	84.994000	-10.026900
4701.779853	84.994000	-9.579421
4703.779958	84.986000	-10.536590
4705.779760	84.979000	-9.603333
4707.780141	84.974000	-9.526322
4709.780593	84.971000	-10.001160
4711.781669	84.971000	-9.281304
4713.782324	84.980000	-9.325690
4715.783596	84.965000	-9.772359
4717.783217	84.956000	-9.859302
4719.783535	84.956000	-9.708113
4721.782941	84.943000	-10.100670
4723.783254	84.932000	-9.691091
4725.784529	84.917000	-9.837612
4727.784493	84.917000	-10.275360
4729.784302	84.901000	-9.593607
4731.783974	84.910000	-9.941987
4733.784589	84.903000	-10.054050
4735.783777	84.900000	-9.310289
4737.784709	84.900000	-10.500720
4739.785499	84.894000	-9.523892
4741.784838	84.897000	-8.683246
4743.785532	84.892000	-9.969745
4745.786427	84.892000	-9.213413
4747.786139	84.868000	-10.315280
4749.786456	84.868000	-10.149310
4751.786343	84.857000	-9.357709
4753.786192	84.857000	-10.083240
4755.785719	84.849000	-9.987382
4757.786550	84.846000	-9.899423
4759.786205	84.838000	-10.878080
4761.785878	84.831000	-9.710340
4763.785917	84.831000	-7.753840
4765.785687	84.829000	-10.762970
4767.785772	84.822000	-10.002780
4769.786037	84.819000	-9.803564
4771.786894	84.819000	-10.197940
4773.787385	84.809000	-9.635153
4775.787296	84.797000	-10.608540
4777.786712	84.787000	-10.694270
4779.787986	84.787000	-9.781677
4781.789324	84.781000	-10.168350
4783.788704	84.781000	-10.180120
4785.788849	84.771000	-9.984749
4787.788878	84.760000	-10.341430
4789.789163	84.760000	-9.870038
4791.789485	84.756000	-9.307046
4793.789067	84.742000	-10.170990
4795.789077	84.738000	-10.199570
4797.790039	84.738000	-10.225910
4799.790409	84.736000	-9.986571
4801.790303	84.726000	-9.866997
4803.790538	84.723000	-10.154170
4805.790321	84.723000	-10.633270
4807.790505	84.706000	-9.719456
4809.790452	84.719000	-10.050000
4811.790001	84.711000	-10.175850
4813.789841	84.707000	-9.398447
4815.791177	84.707000	-9.996703
4817.790937	84.692000	-9.905302
4819.792533	84.693000	-9.173897
4821.792099	84.686000	-9.955968
4823.792336	84.686000	-9.538284
4825.792550	84.671000	-9.302991
4827.791886	84.667000	-10.112830
4829.792178	84.653000	-9.313125
4831.792205	84.653000	-9.987584
4833.792037	84.646000	-10.197740
4835.791773	84.651000	-9.439584
4837.793577	84.643000	-10.275970
4839.794062	84.645000	-10.586650
4841.795228	84.645000	-9.128094
4843.795568	84.628000	-10.542270
4845.795116	84.631000	-10.677040
4847.795144	84.621000	-10.095000
4849.794956	84.621000	-10.788510
4851.795639	84.618000	-9.827078
4853.795004	84.615000	-9.648531
4855.794743	84.599000	-10.469720
4857.795667	84.599000	-9.762425
4859.796627	84.592000	-9.326907
4861.795683	84.592000	-10.251250
4863.795821	84.581000	-9.059591
4865.797575	84.573000	-9.423982
4867.796964	84.573000	-10.489980
4869.796869	84.567000	-9.338256
4871.797118	84.568000	-9.722498
4873.797513	84.564000	-10.118300
4875.796858	84.564000	-9.747632
4877.797760	84.556000	-10.521600
4879.799633	84.550000	-9.743984
4881.799006	84.541000	-9.633936
4883.800579	84.541000	-10.816870
4885.799739	84.547000	-10.496470
4887.800885	84.533000	-10.236040
4889.801195	84.521000	-9.767694
4891.801730	84.520000	-6.454171
4893.802796	84.520000	-9.981501
4895.803670	84.505000	-10.028720
4897.804013	84.493000	-9.129106
4899.803943	84.491000	-10.248200
4901.803677	84.491000	-9.765057
4903.805640	84.489000	-9.474034
4905.805500	84.488000	-10.642180
4907.806289	84.478000	-9.889698
4909.806551	84.478000	-9.224559
4911.806086	84.465000	-10.608740
4913.806160	84.455000	-9.921716
4915.806090	84.447000	-10.006020
4917.807362	84.451000	-10.920440
4919.808388	84.451000	-6.975817
4921.809078	84.445000	-8.550096
4923.808894	84.446000	-8.939007
4925.809882	84.430000	-8.158758
4927.810253	84.430000	-9.056551
4929.810116	84.425000	-8.679196
4931.810163	84.420000	-7.683919
4933.810523	84.416000	-8.955624
4935.810277	84.416000	-8.902323
4937.811427	84.410000	-8.328183
4939.810846	84.408000	-9.228815
4941.812172	84.403000	-8.265762
4943.813556	84.396000	-10.024260
4945.813262	84.396000	-10.437490
4947.813343	84.392000	-9.863347
4949.813252	84.384000	-9.607383
4951.812867	84.382000	-10.541860
4953.813171	84.382000	-9.833559
4955.813164	84.378000	-10.281240
4957.812757	84.367000	-10.613800
4959.812747	84.357000	-9.450120
4961.812955	84.357000	-9.694534
4963.813203	84.351000	-10.246380
4965.812871	84.338000	-9.298323
4967.813621	84.337000	-10.365550
4969.814648	84.336000	-10.020820
4971.815002	84.336000	-9.477885
4973.814859	84.325000	-10.847470
4975.814961	84.329000	-9.232865
4977.815956	84.321000	-9.504838
4979.816625	84.321000	-10.435260
4981.816412	84.325000	-8.663387
4983.817153	84.320000	-10.739250
4985.816840	84.313000	-10.367570
4987.817590	84.313000	-9.341897
4989.817038	84.306000	-9.911989
4991.817451	84.297000	-9.221521
4993.816876	84.287000	-8.987242
4995.817358	84.277000	-11.343190
4997.818144	84.277000	-9.066683
4999.819310	84.275000	-10.711690
5001.818977	84.267000	-10.341630
5003.818971	84.258000	-9.727970
5005.819195	84.258000	-11.210040
5007.819667	84.256000	-9.959204
5009.820369	84.247000	-9.634339
5011.820382	84.249000	-9.760398
5013.820940	84.249000	-10.906450
5015.821545	84.246000	-9.446674
5017.820938	84.234000	-10.763370
5019.820812	84.236000	-9.177336
5021.820802	84.217000	-9.708923
5023.820690	84.217000	-10.152350
5025.820986	84.214000	-9.565435
5027.820824	84.202000	-10.070470
5029.821225	84.199000	-9.992037
5031.822539	84.199000	-9.592591
5033.822586	84.198000	-7.955894
5035.822622	84.195000	-7.949810
5037.821999	84.199000	-9.022097
5039.822578	84.199000	-10.607520
5041.823555	84.193000	-10.100060
5043.823051	84.181000	-10.265430
5045.824376	84.175000	-10.657180
5047.824026	84.166000	-7.168955
5049.825011	84.166000	-9.975622
5051.824867	84.160000	-10.760330
5053.824792	84.161000	-7.476597
5055.824731	84.152000	-9.805993
5057.826333	84.152000	-9.799510
5059.826400	84.142000	-9.067494
5061.827090	84.143000	-10.711690
5063.827454	84.131000	-9.843285
5065.827539	84.131000	-7.660007
5067.826808	84.133000	-9.464709
5069.826835	84.129000	-9.489230
5071.827236	84.125000	-10.700540
5073.826829	84.117000	-10.333520
5075.826824	84.117000	-9.310486
5077.828125	84.113000	-10.093570
5079.827667	84.099000	-9.920906
5081.828302	84.104000	-9.548817
5083.829602	84.104000	-10.172810
5085.829505	84.096000	-9.992442
5087.828790	84.088000	-9.770938
5089.830040	84.075000	-10.161060
5091.829685	84.075000	-10.012710
5093.831123	84.066000	-10.010070
5095.830929	84.062000	-10.773900
5097.831153	84.052000	-9.601913
5099.830922	84.052000	-10.247390
5101.832638	84.052000	-10.515100
5103.832102	84.042000	-8.738167
5105.831696	84.034000	-10.179700
5107.831791	84.034000	-9.716413
5109.833457	84.034000	-8.997979
5111.834621	84.034000	-11.097350
5113.834173	84.037000	-9.929618
5115.833703	84.028000	-9.270966
5117.835211	84.028000	-10.611380
5119.834912	84.021000	-9.039119
5121.836287	84.024000	-9.466129
5123.836536	84.012000	-8.609680
5125.835821	84.002000	-9.471397
5127.836424	84.002000	-9.643458
5129.836462	84.004000	-10.485310
5131.837593	83.999000	-9.211178
5133.837104	84.008000	-9.871452
5135.837019	84.008000	-10.401620
5137.837231	84.005000	-9.070531
5139.837277	83.987000	-10.485320
5141.837230	83.979000	-11.268400
5143.837347	83.979000	-9.436137
5145.836872	83.967000	-11.619820
5147.837426	83.945000	-9.695744
5149.837210	83.953000	-9.106199
5151.838286	83.950000	-10.960560
5153.837870	83.950000	-7.669936
5155.839623	83.942000	-7.157201
5157.840581	83.931000	-10.728720
5159.840599	83.927000	-9.419717
5161.840261	83.927000	-9.869022
5163.839917	83.921000	-10.517340
5165.841313	83.920000	-9.168015
5167.840716	83.912000	-10.413370
5169.842656	83.912000	-10.168150
