#lab INRiM MiCa 3K plate
#hv keithley6487
#s CNTArO2Etching_Strongnew
#t 2.7 
#d 1.5
#N 20
#dbm 2
#
#Voltage	Current	SD
#V	pA	pA
160.000000	-0.175651	0.701276
160.200000	-0.138688	0.747734
160.400000	-0.031825	0.493381
160.600000	0.036782	0.895904
160.800000	-0.055069	0.867650
161.000000	0.013303	2.459654
161.200000	-0.333604	2.662090
161.400000	0.102362	4.870063
161.600000	-0.083575	2.882731
161.800000	0.092738	3.514618
162.000000	-0.245006	2.918124
162.200000	-0.011745	2.636240
162.400000	-0.045298	1.427255
162.600000	-0.329173	2.327288
162.800000	-0.019878	3.018270
163.000000	0.057081	2.355649
163.200000	-0.156285	1.565859
163.400000	-0.081762	1.114299
163.600000	-0.015072	2.362896
163.800000	-0.426434	1.973055
164.000000	-0.257642	2.685837
164.200000	-0.171777	2.456707
164.400000	-0.025926	1.903823
164.600000	-0.044055	1.662180
164.800000	0.011465	2.090224
165.000000	-0.032061	1.071762
165.200000	-0.116826	0.882775
165.400000	0.004707	1.063225
165.600000	-0.150788	1.655918
165.800000	-0.196966	1.338183
166.000000	-0.047379	0.853059
166.200000	-0.005139	1.141268
166.400000	-0.200577	2.026258
166.600000	-0.244644	2.723773
166.800000	0.025990	1.565064
167.000000	-0.046823	1.207470
167.200000	-0.106240	1.641778
167.400000	-0.091677	2.813288
167.600000	0.160479	2.297952
167.800000	-0.113606	2.109023
168.000000	-0.163200	2.273340
168.200000	0.003376	1.551950
168.400000	-0.129889	1.139408
168.600000	-0.057489	0.907986
168.800000	-0.086762	0.847615
169.000000	-0.002066	1.270126
169.200000	-0.009859	2.195979
169.400000	-0.270922	2.584260
169.600000	-0.081904	1.739222
169.800000	0.032804	1.436534
170.000000	-0.045280	1.209915
170.200000	-0.001657	1.593657
170.400000	0.216711	3.893950
170.600000	-0.167210	2.649795
170.800000	-0.221031	2.833460
171.000000	-0.081285	1.364099
171.200000	0.013580	0.962278
171.400000	-0.070848	0.766367
171.600000	-0.119250	1.241163
171.800000	-0.063904	1.213830
172.000000	-0.024498	1.248954
172.200000	-0.072906	1.090149
172.400000	-0.001235	1.301653
172.600000	-0.149843	0.964179
172.800000	-0.152430	0.933936
173.000000	-0.073414	0.682012
173.200000	-0.092975	0.857068
173.400000	-0.013479	0.817767
173.600000	-0.084648	0.791462
173.800000	-0.125018	0.682266
174.000000	-0.141904	1.148254
174.200000	-0.066401	0.726040
174.400000	-0.086440	1.850794
174.600000	-0.174974	3.368370
174.800000	0.051320	4.225944
175.000000	-0.184699	3.733948
175.200000	-0.107103	2.213540
175.400000	-0.006308	1.400067
175.600000	-0.014338	0.830336
175.800000	-0.207974	3.414241
176.000000	-0.346691	3.617731
176.200000	0.089855	1.987050
176.400000	-0.104220	2.247000
176.600000	-0.253002	3.036820
176.800000	-0.020951	1.633225
177.000000	-0.185658	1.526976
177.200000	-0.107568	2.999778
177.400000	-0.189515	1.940738
177.600000	0.150877	2.964674
177.800000	-0.221991	2.215552
178.000000	0.107298	2.834103
178.200000	-0.146629	2.838322
178.400000	0.194492	3.489311
178.600000	-0.276074	4.063792
178.800000	-0.035828	2.817571
179.000000	-0.189160	1.986113
179.200000	0.047922	2.517973
179.400000	-0.167647	2.979082
179.600000	-0.132250	4.099157
179.800000	-0.142499	3.758327
180.000000	-0.124202	3.201824
180.200000	-0.158241	2.169138
180.400000	-0.213556	1.750562
180.600000	-0.111325	1.501171
180.800000	-0.100999	1.663241
181.000000	-0.232444	1.405144
181.200000	-0.142819	1.100522
181.400000	-0.033855	1.144982
181.600000	-0.126669	1.476917
181.800000	-0.212591	1.516803
182.000000	-0.015062	3.537905
182.200000	-0.178122	2.011486
182.400000	-0.240917	1.366564
182.600000	-0.183648	1.258640
182.800000	-0.248690	1.766549
183.000000	-0.194020	1.944343
183.200000	-0.296235	1.063197
183.400000	-0.208079	0.929851
183.600000	-0.126182	0.714653
183.800000	-0.214877	0.758708
184.000000	-0.292109	0.980755
184.200000	-0.250196	0.842651
184.400000	-0.161207	0.919574
184.600000	-0.268332	0.908831
184.800000	-0.244375	0.714702
185.000000	-0.340282	0.788460
185.200000	-0.312463	0.733830
185.400000	-0.210456	0.952102
185.600000	-0.259623	0.821313
185.800000	-0.329263	1.105474
186.000000	-0.346385	2.327903
186.200000	-0.408427	1.000043
186.400000	-0.327133	1.009000
186.600000	-0.312900	0.911781
186.800000	-0.413594	0.946571
187.000000	-0.396939	0.853526
187.200000	-0.494012	1.689558
187.400000	-0.496570	1.730594
187.600000	-0.374866	0.674093
187.800000	-0.325039	0.614587
188.000000	-0.385505	0.667819
188.200000	-0.463637	0.898151
188.400000	-0.442499	0.997436
188.600000	-0.434637	0.919996
188.800000	-0.447681	1.263514
189.000000	-0.384501	0.867479
189.200000	-0.545046	0.989850
189.400000	-0.513213	0.940987
189.600000	-0.619571	0.798915
189.800000	-0.534830	0.621573
190.000000	-0.509558	0.855590
190.200000	-0.517995	1.001042
190.400000	-0.639225	1.069505
190.600000	-0.613418	0.937054
190.800000	-0.664686	0.942244
191.000000	-0.740243	0.772787
191.200000	-0.692994	0.998688
191.400000	-0.753134	0.643376
191.600000	-0.823876	0.606863
191.800000	-0.703590	0.656860
192.000000	-0.794863	0.758584
192.200000	-0.797908	0.682677
192.400000	-0.884363	0.862112
192.600000	-0.806728	0.881923
192.800000	-0.850857	0.558247
193.000000	-0.896349	0.404556
193.200000	-0.931740	0.500981
193.400000	-0.975812	0.671823
193.600000	-1.061254	0.782584
193.800000	-1.115632	0.478125
194.000000	-1.107476	0.745442
194.200000	-1.164133	0.771409
194.400000	-1.218115	0.521121
194.600000	-1.277558	0.570666
194.800000	-1.328440	0.771672
195.000000	-1.310882	0.667178
195.200000	-1.361287	0.786538
195.400000	-1.440608	0.803691
195.600000	-1.451591	0.704899
195.800000	-1.520538	0.807930
196.000000	-1.602585	0.552503
196.200000	-1.545098	0.589832
196.400000	-1.662140	0.669419
196.600000	-1.660489	0.761653
196.800000	-1.707500	0.717275
197.000000	-1.835829	0.771419
197.200000	-1.823498	0.728539
197.400000	-1.866415	1.176357
197.600000	-1.939699	0.623754
197.800000	-1.985363	0.726780
198.000000	-2.086752	0.569622
198.200000	-2.106296	0.569517
198.400000	-2.200501	0.803875
198.600000	-2.241555	0.596070
198.800000	-2.309984	0.653419
199.000000	-2.388779	0.677497
199.200000	-2.370542	0.739578
199.400000	-2.473612	0.781397
199.600000	-2.568942	0.762000
199.800000	-2.658598	0.641343
200.000000	-2.729743	0.713902
200.200000	-2.817950	0.717893
200.400000	-2.788547	0.792599
200.600000	-2.928132	0.616858
200.800000	-3.030706	0.417573
201.000000	-3.062955	0.549055
201.200000	-3.131051	0.854596
201.400000	-3.129338	0.774188
201.600000	-3.300078	0.591784
201.800000	-3.297200	0.669657
202.000000	-3.423776	0.851054
202.200000	-3.560585	0.664083
202.400000	-3.578954	0.692213
202.600000	-3.666563	0.888695
202.800000	-3.824700	0.671354
203.000000	-3.883352	0.667812
203.200000	-3.945885	0.913427
203.400000	-3.952034	0.685840
203.600000	-4.088974	0.632116
203.800000	-4.559846	0.631971
204.000000	-4.902239	0.697494
204.200000	-5.004244	0.649704
204.400000	-5.159887	0.815035
204.600000	-5.265479	0.631763
204.800000	-5.369896	0.590412
205.000000	-5.562805	0.829825
205.200000	-5.715165	0.858498
205.400000	-5.791965	0.557057
205.600000	-5.834963	0.789590
205.800000	-6.035722	1.173677
206.000000	-6.054344	1.137554
206.200000	-6.170808	1.374504
206.400000	-6.418497	0.993231
206.600000	-6.384930	1.260637
206.800000	-6.687118	0.996301
207.000000	-6.804209	1.064352
207.200000	-6.908353	0.979728
207.400000	-7.072831	1.220168
207.600000	-7.283064	0.917684
207.800000	-7.275334	0.852337
208.000000	-7.598373	0.832121
208.200000	-7.721756	0.973749
208.400000	-7.801825	0.880707
208.600000	-8.190862	1.146037
208.800000	-8.413081	0.930032
209.000000	-8.744673	0.739947
209.200000	-8.908714	1.082109
209.400000	-9.247964	1.017437
209.600000	-9.563677	1.142750
209.800000	-9.578003	0.989452
210.000000	-9.845026	1.004704
210.200000	-10.154040	0.890273
210.400000	-10.267590	0.840089
210.600000	-10.561900	0.816656
210.800000	-10.755810	0.932074
211.000000	-11.050350	1.072061
211.200000	-11.182340	0.953447
211.400000	-11.537510	0.765880
211.600000	-11.852530	1.001239
211.800000	-12.137310	0.733452
212.000000	-12.360260	0.846655
212.200000	-12.779540	0.997914
212.400000	-13.103490	0.868212
212.600000	-13.481920	0.686495
212.800000	-13.861740	0.857138
213.000000	-14.185570	0.798580
213.200000	-14.469700	0.804582
213.400000	-15.010460	0.857261
213.600000	-15.463050	0.616421
213.800000	-15.935640	0.906973
214.000000	-16.317640	0.635991
214.200000	-16.683680	0.589099
214.400000	-17.104840	0.632034
214.600000	-17.530790	0.667733
214.800000	-17.939610	0.806376
215.000000	-18.364400	0.627351
215.200000	-18.679080	0.696830
215.400000	-19.146810	0.846198
215.600000	-19.589950	0.639300
215.800000	-19.923200	0.573391
216.000000	-20.387960	0.760483
216.200000	-20.848010	0.541257
216.400000	-21.208040	0.469161
216.600000	-21.641010	0.689044
216.800000	-22.051590	0.681215
217.000000	-22.574510	0.645381
217.200000	-22.975220	0.946518
217.400000	-23.535350	0.759718
217.600000	-24.117500	0.439374
217.800000	-24.802390	0.834517
218.000000	-25.533420	0.850857
218.200000	-26.191770	0.594380
218.400000	-26.715280	0.648467
218.600000	-27.202970	0.698240
218.800000	-27.762570	0.904616
219.000000	-28.457190	0.588823
219.200000	-29.045830	0.644232
219.400000	-29.515140	0.683101
219.600000	-30.183240	0.920713
219.800000	-30.686100	0.536061
220.000000	-31.326550	0.947786
220.200000	-31.895920	0.744306
220.400000	-32.451090	0.690294
220.600000	-33.074080	0.713992
220.800000	-33.741460	0.607450
221.000000	-34.446410	0.421731
221.200000	-35.160610	0.595552
221.400000	-35.815140	0.524276
221.600000	-36.451210	0.640021
221.800000	-37.277300	0.515233
222.000000	-38.185300	0.818684
222.200000	-39.258630	0.643689
222.400000	-40.458760	0.732493
222.600000	-41.465760	0.856276
222.800000	-42.542240	0.659907
223.000000	-43.500210	0.776766
223.200000	-44.493530	0.824613
223.400000	-45.399610	0.553222
223.600000	-46.322950	0.750385
223.800000	-47.257900	0.629634
224.000000	-48.233630	0.655123
224.200000	-49.148970	0.637641
224.400000	-50.128470	0.655807
224.600000	-51.107340	0.901179
224.800000	-52.062130	0.837424
225.000000	-53.166530	0.797611
225.200000	-54.185880	0.744602
225.400000	-55.321290	0.571870
225.600000	-56.410080	0.929083
225.800000	-57.428120	0.612562
226.000000	-58.329840	0.688439
226.200000	-59.550630	0.816553
226.400000	-60.812670	0.783770
226.600000	-62.088310	0.618557
226.800000	-63.352890	0.595418
227.000000	-64.749360	0.709660
227.200000	-66.595470	0.624521
227.400000	-68.614000	0.735541
227.600000	-70.496150	0.877317
227.800000	-72.049720	0.756000
228.000000	-73.525370	0.747216
228.200000	-75.061480	0.904530
228.400000	-76.510730	0.785455
228.600000	-78.057140	0.725879
228.800000	-79.538030	1.001750
229.000000	-81.133570	0.858925
229.200000	-82.768540	0.681183
229.400000	-84.585330	0.966700
229.600000	-86.460440	0.869297
229.800000	-88.314840	0.616203
230.000000	-90.106050	0.844376
230.200000	-92.023270	0.808404
230.400000	-94.128580	0.637455
230.600000	-96.261900	0.934293
230.800000	-98.590760	0.799918
231.000000	-101.057200	0.672589
231.200000	-103.725000	0.686057
231.400000	-106.530000	0.726866
231.600000	-109.536200	0.744109
231.800000	-113.036900	0.916629
232.000000	-118.106300	0.821005
232.200000	-127.019700	0.711045
232.400000	-141.283800	1.014646
232.600000	-154.864600	1.172413
232.800000	-164.152000	0.874295
233.000000	-170.155500	0.812436
233.200000	-175.245100	0.929502
233.400000	-179.804300	0.814227
233.600000	-184.191100	0.785354
233.800000	-188.629000	0.922299
234.000000	-192.959200	0.779561
234.200000	-197.280200	0.765799
234.400000	-201.604000	0.677645
234.600000	-206.050700	0.508091
234.800000	-210.355400	0.658530
235.000000	-214.620200	0.841186
235.200000	-218.923300	0.576718
235.400000	-223.178300	0.560813
235.600000	-227.613900	0.914439
235.800000	-232.013000	0.718268
236.000000	-236.410700	0.629102
236.200000	-240.965800	0.704440
236.400000	-245.560800	0.626242
236.600000	-250.208400	0.533815
236.800000	-255.061400	0.841192
237.000000	-260.066600	0.725842
237.200000	-265.043200	0.774563
237.400000	-270.062100	0.932089
237.600000	-275.243100	0.610668
237.800000	-280.429500	0.566698
238.000000	-285.551800	0.756645
238.200000	-290.796400	0.983611
238.400000	-296.246000	0.824624
238.600000	-301.745600	0.792386
238.800000	-307.485500	0.740717
239.000000	-313.330900	0.935454
239.200000	-318.872700	0.932975
239.400000	-324.511000	0.710439
239.600000	-330.071100	0.819871
239.800000	-335.723900	0.866203
240.000000	-341.376600	0.866099
240.200000	-347.093400	0.924965
240.400000	-352.767400	0.754497
240.600000	-358.614200	0.710183
240.800000	-364.999000	0.752190
241.000000	-371.017200	0.904671
241.200000	-377.250900	0.650317
241.400000	-383.568600	0.752687
241.600000	-389.728100	1.228309
241.800000	-395.893300	0.991531
242.000000	-402.216500	0.652868
242.200000	-408.463200	0.943439
242.400000	-414.885200	0.696533
242.600000	-422.148000	0.805809
242.800000	-428.599400	0.709282
243.000000	-435.129300	0.574034
243.200000	-441.919000	0.447422
243.400000	-448.743200	0.655911
243.600000	-455.714300	0.568383
243.800000	-462.912700	0.568623
244.000000	-470.154000	0.682425
244.200000	-477.982200	0.628375
244.400000	-486.305400	0.424817
244.600000	-494.024500	0.625555
244.800000	-501.826000	0.713610
245.000000	-509.793500	0.774075
245.200000	-517.668400	1.052445
245.400000	-525.636100	0.896592
245.600000	-533.596200	0.589382
245.800000	-543.697300	0.814516
246.000000	-554.150200	0.785733
246.200000	-563.814200	0.678824
246.400000	-571.745000	0.637769
246.600000	-580.048800	0.715456
246.800000	-588.029100	0.802511
247.000000	-596.171600	0.989766
247.200000	-604.361900	0.647881
247.400000	-612.758700	0.723490
247.600000	-621.381800	0.557433
247.800000	-630.190700	0.572088
248.000000	-639.698500	0.802808
248.200000	-649.166600	0.675151
248.400000	-658.399300	1.001017
248.600000	-667.885600	0.964353
248.800000	-677.595400	1.021780
249.000000	-687.566200	0.897053
249.200000	-697.371400	0.958226
249.400000	-707.258400	1.057355
249.600000	-717.225600	0.885235
249.800000	-727.524200	0.787071
250.000000	-738.961600	1.010104
250.200000	-749.789200	0.844889
250.400000	-760.289900	0.551867
250.600000	-770.641600	0.773229
250.800000	-781.198200	0.936551
251.000000	-791.809000	0.557017
251.200000	-802.258100	0.640224
251.400000	-812.876000	0.704546
251.600000	-824.672000	0.790454
251.800000	-838.116500	0.903929
252.000000	-849.538600	0.539730
252.200000	-861.081800	0.606631
252.400000	-872.779200	0.729755
252.600000	-885.313200	0.543580
252.800000	-897.713700	0.558730
253.000000	-910.389800	0.648542
253.200000	-923.213500	0.703238
253.400000	-937.702100	0.524926
253.600000	-952.907500	0.634838
253.800000	-966.445500	0.717778
254.000000	-980.088100	0.727538
254.200000	-993.577200	0.723960
254.400000	-1007.046000	0.956349
254.600000	-1020.492000	0.805302
254.800000	-1034.237000	0.779066
255.000000	-1048.717000	0.911396
255.200000	-1064.492000	0.764045
255.400000	-1079.070000	0.833222
255.600000	-1093.805000	0.949538
255.800000	-1108.433000	0.611394
256.000000	-1123.418000	0.850710
256.200000	-1138.473000	0.855333
256.400000	-1154.148000	0.743917
256.600000	-1171.018000	0.843315
256.800000	-1188.445000	0.663167
257.000000	-1205.404000	0.572295
257.200000	-1222.745000	0.668910
257.400000	-1240.645000	0.872351
257.600000	-1258.831000	0.519860
257.800000	-1277.031000	0.753193
258.000000	-1295.569000	0.680008
258.200000	-1314.876000	0.461118
258.400000	-1334.159000	0.773962
258.600000	-1353.005000	0.806990
258.800000	-1371.705000	0.488458
259.000000	-1390.536000	0.502575
259.200000	-1409.697000	0.729470
259.400000	-1429.081000	0.769560
259.600000	-1449.029000	0.669711
259.800000	-1469.637000	0.637763
260.000000	-1490.807000	0.602755
260.000000	-1490.815000	0.905517
259.800000	-1469.664000	0.641707
259.600000	-1448.727000	0.675814
259.400000	-1428.903000	0.820495
259.200000	-1409.501000	0.684417
259.000000	-1390.337000	0.809320
258.800000	-1371.288000	0.850642
258.600000	-1352.509000	0.719939
258.400000	-1333.457000	0.734724
258.200000	-1314.065000	0.764575
258.000000	-1294.847000	0.707048
257.800000	-1276.276000	0.660285
257.600000	-1258.110000	0.889341
257.400000	-1239.909000	0.772250
257.200000	-1222.070000	0.499104
257.000000	-1204.622000	0.548160
256.800000	-1187.637000	0.754503
256.600000	-1170.226000	0.622335
256.400000	-1153.191000	0.812456
256.200000	-1137.547000	0.846396
256.000000	-1122.431000	0.527396
255.800000	-1107.528000	0.777797
255.600000	-1092.960000	0.739650
255.400000	-1078.366000	0.453302
255.200000	-1063.648000	0.633787
255.000000	-1047.609000	0.621942
254.800000	-1033.174000	0.784605
254.600000	-1019.411000	0.773160
254.400000	-1005.931000	0.639265
254.200000	-992.340800	0.606016
254.000000	-978.931000	0.898578
253.800000	-965.298000	0.739324
253.600000	-951.647400	0.514670
253.400000	-936.294400	0.826841
253.200000	-922.045800	0.809597
253.000000	-909.016100	0.737304
252.800000	-896.225600	0.924047
252.600000	-883.850700	0.609652
252.400000	-871.463200	0.697114
252.200000	-859.707100	0.737878
252.000000	-848.303100	0.578106
251.800000	-836.927200	0.687040
251.600000	-823.254600	0.894122
251.400000	-811.536600	0.800199
251.200000	-800.611100	0.662044
251.000000	-790.028300	0.934719
250.800000	-779.395300	0.802020
250.600000	-768.948000	0.567070
250.400000	-758.645600	1.071621
250.200000	-748.164800	0.921297
250.000000	-737.411200	1.087229
249.800000	-726.175900	1.018812
249.600000	-715.306500	0.923447
249.400000	-705.267700	0.563431
249.200000	-695.340000	0.903191
249.000000	-685.350700	0.642734
248.800000	-675.481700	0.617908
248.600000	-665.750100	0.655032
248.400000	-656.348000	0.677281
248.200000	-647.250700	0.461747
248.000000	-638.264700	0.749260
247.800000	-628.785600	0.903178
247.600000	-619.458200	0.769482
247.400000	-610.738100	0.643590
247.200000	-602.327600	0.429338
247.000000	-594.056600	0.648492
246.800000	-585.951500	0.641991
246.600000	-577.939600	0.505953
246.400000	-569.802100	0.691376
246.200000	-561.791400	0.708920
246.000000	-552.466200	0.694457
245.800000	-539.717800	0.618180
245.600000	-531.399800	0.692553
245.400000	-523.391700	0.717763
245.200000	-515.395800	0.711109
245.000000	-507.386800	0.965346
244.800000	-499.569600	0.661191
244.600000	-491.721200	0.540820
244.400000	-483.994100	0.730839
244.200000	-476.443600	0.771241
244.000000	-468.080200	0.726994
243.800000	-460.779600	0.758268
243.600000	-453.698000	0.782058
243.400000	-446.667200	0.473270
243.200000	-439.843700	0.785537
243.000000	-433.135800	0.922901
242.800000	-426.602600	0.761149
242.600000	-420.172700	0.744377
242.400000	-413.513300	0.894291
242.200000	-406.528000	0.815146
242.000000	-400.216600	0.584499
241.800000	-393.920700	0.733827
241.600000	-387.568500	0.643597
241.400000	-381.329200	0.728823
241.200000	-375.151300	0.728680
241.000000	-368.968700	0.671350
240.800000	-362.971300	0.825886
240.600000	-357.063200	1.140552
240.400000	-350.692500	0.679194
240.200000	-344.988000	0.721253
240.000000	-339.249200	0.754323
239.800000	-333.612900	0.700813
239.600000	-328.006300	0.756725
239.400000	-322.261700	0.873011
239.200000	-316.688000	0.981618
239.000000	-311.207900	0.752820
238.800000	-305.433900	0.801528
238.600000	-299.674500	1.138845
238.400000	-293.975600	1.102763
238.200000	-288.532900	0.733179
238.000000	-283.310000	0.910162
237.800000	-278.117900	0.896459
237.600000	-273.114100	0.820356
237.400000	-267.961900	1.123799
237.200000	-262.857300	0.811623
237.000000	-257.857000	0.601681
236.800000	-252.988700	0.727476
236.600000	-248.148800	0.804941
236.400000	-243.459700	0.661222
236.200000	-238.920700	0.700598
236.000000	-234.531900	0.385689
235.800000	-229.965600	0.654722
235.600000	-225.552700	0.793565
235.400000	-221.213400	0.662798
235.200000	-216.815700	0.976348
235.000000	-212.570700	0.638090
234.800000	-208.353700	0.658173
234.600000	-204.043000	0.905854
234.400000	-199.629000	0.935204
234.200000	-195.178200	0.929355
234.000000	-190.671700	0.913607
233.800000	-186.360800	0.767065
233.600000	-182.087800	0.753336
233.400000	-177.477500	0.815333
233.200000	-172.615700	0.949594
233.000000	-167.053100	0.791874
232.800000	-159.660100	0.717280
232.600000	-147.283400	0.755323
232.400000	-132.229900	1.013768
232.200000	-120.988400	0.900151
232.000000	-114.910600	0.803162
231.800000	-110.985800	0.951747
231.600000	-107.792600	1.006507
231.400000	-104.952500	0.580524
231.200000	-102.292400	0.969662
231.000000	-99.650770	0.846645
230.800000	-97.367250	0.945348
230.600000	-95.080330	0.914136
230.400000	-93.029170	1.067580
230.200000	-90.971200	0.892707
230.000000	-89.104520	0.945664
229.800000	-87.283660	0.762836
229.600000	-85.438450	0.724809
229.400000	-83.639260	0.627841
229.200000	-81.875910	0.755195
229.000000	-80.269520	0.627239
228.800000	-78.606690	0.728101
228.600000	-77.087460	0.844653
228.400000	-75.672760	0.812520
228.200000	-74.162820	0.708056
228.000000	-72.723780	0.917811
227.800000	-71.148990	0.878273
227.600000	-69.458920	0.867125
227.400000	-67.487540	0.948451
227.200000	-65.432020	0.768072
227.000000	-63.946940	0.570193
226.800000	-62.558250	0.778731
226.600000	-61.342330	1.053804
226.400000	-60.115020	0.968961
226.200000	-58.877440	0.780317
226.000000	-57.891280	0.602026
225.800000	-56.786750	0.771732
225.600000	-55.719410	0.976298
225.400000	-54.637910	0.764859
225.200000	-53.582280	0.741896
225.000000	-52.528750	0.764245
224.800000	-51.488800	0.663523
224.600000	-50.542280	0.698202
224.400000	-49.541090	0.806224
224.200000	-48.569120	0.799700
224.000000	-47.661750	0.875715
223.800000	-46.793900	0.775733
223.600000	-45.765620	0.623020
223.400000	-44.759450	0.509444
223.200000	-43.833400	0.738311
223.000000	-42.820980	0.695010
222.800000	-41.868220	0.504489
222.600000	-40.690360	0.833952
222.400000	-39.582920	0.820420
222.200000	-38.485030	0.678634
222.000000	-37.580610	0.682629
221.800000	-36.822450	0.707111
221.600000	-36.057770	0.705374
221.400000	-35.373710	0.875787
221.200000	-34.708600	0.758723
221.000000	-34.049890	0.900686
220.800000	-33.361400	0.771623
220.600000	-32.734280	0.620695
220.400000	-32.056670	0.669668
220.200000	-31.498580	0.545671
220.000000	-30.907190	0.807499
219.800000	-30.334230	0.724586
219.600000	-29.787880	0.588880
219.400000	-29.178990	0.654993
219.200000	-28.623840	0.667541
219.000000	-28.008980	0.800654
218.800000	-27.463840	0.996372
218.600000	-26.951590	0.820487
218.400000	-26.338010	0.798082
218.200000	-25.643020	1.220782
218.000000	-25.116970	1.126513
217.800000	-24.421330	0.662964
217.600000	-23.762900	0.888189
217.400000	-23.265090	0.996692
217.200000	-22.734900	0.826556
217.000000	-22.229490	0.870114
216.800000	-21.788560	0.977476
216.600000	-21.396440	1.006846
216.400000	-20.855640	0.880498
216.200000	-20.491390	0.904346
216.000000	-20.053620	0.822039
215.800000	-19.625220	0.475235
215.600000	-19.228630	0.620643
215.400000	-18.819350	0.616341
215.200000	-18.415360	0.534075
215.000000	-18.042730	0.776083
214.800000	-17.625930	0.593882
214.600000	-17.174750	0.797746
214.400000	-16.885090	0.679240
214.200000	-16.466740	0.889780
214.000000	-16.063360	0.844641
213.800000	-15.595350	0.423486
213.600000	-15.139350	0.679676
213.400000	-14.687290	0.591518
213.200000	-14.362060	0.715502
213.000000	-13.949450	0.662442
212.800000	-13.587880	0.747382
212.600000	-13.223640	0.850250
212.400000	-12.828210	0.737832
212.200000	-12.504700	0.900483
212.000000	-12.159840	0.839402
211.800000	-11.843030	0.676690
211.600000	-11.550030	0.747646
211.400000	-11.355710	0.619226
211.200000	-11.054930	0.722920
211.000000	-10.817680	0.610185
210.800000	-10.542470	0.731769
210.600000	-10.322810	0.611715
210.400000	-10.159340	0.622483
210.200000	-9.934600	1.027095
210.000000	-9.742923	0.866221
209.800000	-9.455920	0.671906
209.600000	-9.248794	0.688098
209.400000	-9.007746	0.694954
209.200000	-8.816170	0.583225
209.000000	-8.597575	0.629112
208.800000	-8.245043	0.734719
208.600000	-7.915568	0.720044
208.400000	-7.732747	0.726246
208.200000	-7.578000	0.813408
208.000000	-7.389413	0.714974
207.800000	-7.238221	0.765173
207.600000	-7.064296	0.863658
207.400000	-6.983670	0.663144
207.200000	-6.843106	0.834646
207.000000	-6.719998	0.991729
206.800000	-6.533214	0.716977
206.600000	-6.346462	0.737590
206.400000	-6.244621	0.861707
206.200000	-6.152131	0.832339
206.000000	-6.064241	0.594377
205.800000	-5.902645	0.702477
205.600000	-5.744928	0.617220
205.400000	-5.635224	0.708614
205.200000	-5.558155	0.799011
205.000000	-5.398737	0.718606
204.800000	-5.264515	0.817371
204.600000	-5.170536	0.982935
204.400000	-5.048928	0.960129
204.200000	-4.873249	0.795446
204.000000	-4.711277	0.686786
203.800000	-4.204637	0.760682
203.600000	-4.019181	0.667725
203.400000	-3.898162	0.539895
203.200000	-3.834901	0.546419
203.000000	-3.748662	0.891417
202.800000	-3.687285	0.647916
202.600000	-3.660538	0.728246
202.400000	-3.524504	0.673586
202.200000	-3.451456	0.617982
202.000000	-3.331349	0.633701
201.800000	-3.292981	0.832125
201.600000	-3.157665	0.814089
201.400000	-3.116795	0.933151
201.200000	-3.120634	0.963402
201.000000	-2.911623	0.818413
200.800000	-2.933791	0.878368
200.600000	-2.823643	1.026061
200.400000	-2.804089	0.833448
200.200000	-2.733260	0.763106
200.000000	-2.661743	0.893707
199.800000	-2.544745	0.835156
199.600000	-2.513297	0.645110
199.400000	-2.467918	0.672320
199.200000	-2.413999	0.838921
199.000000	-2.265392	0.541954
198.800000	-2.239020	0.522619
198.600000	-2.240529	0.822352
198.400000	-2.129124	0.775048
198.200000	-2.055671	0.701374
198.000000	-1.914227	0.680529
197.800000	-1.926699	0.615985
197.600000	-1.895230	0.787303
197.400000	-1.830207	0.790713
197.200000	-1.838697	0.561154
197.000000	-1.700657	0.630551
196.800000	-1.678175	0.681274
196.600000	-1.615087	0.597691
196.400000	-1.624235	0.692944
196.200000	-1.627194	0.909102
196.000000	-1.536325	0.691448
195.800000	-1.369947	0.741511
195.600000	-1.412894	0.677172
195.400000	-1.396795	0.557838
195.200000	-1.343707	0.635618
195.000000	-1.349764	0.732195
194.800000	-1.296260	0.731475
194.600000	-1.217641	0.747136
194.400000	-1.220983	0.847139
194.200000	-1.165615	0.943736
194.000000	-1.106631	0.654095
193.800000	-1.002126	0.599751
193.600000	-0.925003	0.704611
193.400000	-0.928864	0.780290
193.200000	-0.920335	0.669828
193.000000	-0.894448	0.813361
192.800000	-0.824195	0.690130
192.600000	-0.810856	0.439554
192.400000	-0.708809	0.880494
192.200000	-0.769970	0.708387
192.000000	-0.739206	0.392002
191.800000	-0.680659	0.922682
191.600000	-0.661545	0.776473
191.400000	-0.658860	0.716970
191.200000	-0.580073	0.834331
191.000000	-0.605617	0.880787
190.800000	-0.653526	0.798874
190.600000	-0.608304	0.668777
190.400000	-0.588274	0.632281
190.200000	-0.523914	0.943617
190.000000	-0.528020	0.762321
189.800000	-0.588870	0.723695
189.600000	-0.487969	0.710158
189.400000	-0.470754	0.833414
189.200000	-0.474547	0.670835
189.000000	-0.520329	0.911065
188.800000	-0.425391	0.513831
188.600000	-0.435498	0.749237
188.400000	-0.388598	0.778938
188.200000	-0.374555	0.784338
188.000000	-0.323901	0.638773
187.800000	-0.402204	0.713962
187.600000	-0.369075	0.756257
187.400000	-0.315687	0.592218
187.200000	-0.308811	0.756843
187.000000	-0.333704	0.925475
186.800000	-0.301660	0.694093
186.600000	-0.322923	0.858341
186.400000	-0.248200	0.901136
186.200000	-0.341989	0.514565
186.000000	-0.270819	0.696346
185.800000	-0.292692	0.739705
185.600000	-0.284109	0.454448
185.400000	-0.271686	0.830241
185.200000	-0.226083	0.838880
185.000000	-0.169034	0.781212
184.800000	-0.155632	0.714495
184.600000	-0.230306	0.966116
184.400000	-0.244040	0.685994
184.200000	-0.216246	0.832405
184.000000	-0.256042	0.918732
183.800000	-0.217251	0.754525
183.600000	-0.239638	0.533975
183.400000	-0.227012	1.020350
183.200000	-0.091026	0.939742
183.000000	-0.086360	0.806951
182.800000	-0.181642	1.008912
182.600000	-0.177534	0.843484
182.400000	-0.169632	0.812547
182.200000	-0.183232	0.687343
182.000000	-0.114520	0.592388
181.800000	-0.103634	0.804427
181.600000	-0.140872	0.650804
181.400000	-0.138800	0.471580
181.200000	-0.143121	0.684362
181.000000	-0.083862	0.634898
180.800000	-0.112832	0.450879
180.600000	-0.099598	0.931091
180.400000	-0.081468	0.752163
180.200000	-0.073229	0.748529
180.000000	-0.058584	0.917162
179.800000	-0.012152	0.850589
179.600000	-0.101850	0.844367
179.400000	-0.073992	0.974642
179.200000	-0.064522	0.564189
179.000000	-0.108102	1.140933
178.800000	-0.131525	0.856552
178.600000	-0.066391	0.764698
178.400000	-0.094878	0.827412
178.200000	-0.080422	1.093526
178.000000	-0.011891	0.821776
177.800000	-0.110127	0.534240
177.600000	-0.037911	0.673682
177.400000	-0.015439	0.745804
177.200000	-0.105706	0.638215
177.000000	-0.032485	0.542188
176.800000	-0.074970	0.500045
176.600000	-0.081549	0.724210
176.400000	-0.068454	0.570412
176.200000	-0.054359	0.585443
176.000000	-0.078998	0.664311
175.800000	0.016013	0.816863
175.600000	0.039564	0.679561
175.400000	-0.105792	0.796695
175.200000	-0.016573	0.715300
175.000000	-0.141973	0.814277
174.800000	-0.027021	0.720923
174.600000	-0.075809	0.876852
174.400000	-0.094209	0.864853
174.200000	-0.025476	0.794563
174.000000	-0.077805	0.881322
173.800000	-0.055570	0.765420
173.600000	0.002472	0.665606
173.400000	-0.083221	0.725655
173.200000	-0.040466	0.694303
173.000000	-0.050948	0.842102
172.800000	-0.012502	0.679628
172.600000	0.065425	0.812121
172.400000	-0.041403	0.772694
172.200000	-0.023336	0.574245
172.000000	0.005962	0.837219
171.800000	-0.040790	0.666152
171.600000	-0.053756	0.427040
171.400000	-0.046415	0.649776
171.200000	-0.076507	0.644384
171.000000	-0.040651	0.568498
170.800000	-0.035450	0.660451
170.600000	-0.072815	0.684396
170.400000	-0.013000	0.677596
170.200000	-0.104727	0.875329
170.000000	-0.054841	0.768856
169.800000	0.038410	0.691331
169.600000	-0.035437	0.857512
169.400000	0.003549	0.800391
169.200000	0.018866	0.719123
169.000000	-0.050797	0.778257
168.800000	-0.031167	0.949204
168.600000	-0.047150	0.732964
168.400000	-0.021424	0.797895
168.200000	-0.011181	0.830769
168.000000	-0.063043	0.899234
167.800000	-0.092269	0.715136
167.600000	-0.074520	0.914958
167.400000	-0.014789	0.741236
167.200000	0.025462	0.697444
167.000000	0.023167	0.886778
166.800000	0.020419	0.769824
166.600000	-0.097821	0.704656
166.400000	-0.060057	0.752177
166.200000	-0.046919	0.697031
166.000000	-0.008150	0.852181
165.800000	0.017227	0.750833
165.600000	-0.005119	0.559070
165.400000	-0.034415	0.740086
165.200000	0.013858	0.961999
165.000000	0.036107	0.928558
164.800000	-0.023772	0.902858
164.600000	-0.006020	0.912510
164.400000	-0.047861	0.704513
164.200000	-0.021918	0.616499
164.000000	0.014540	0.780979
163.800000	0.018481	0.718512
163.600000	-0.059560	0.488756
163.400000	-0.020403	0.798229
163.200000	-0.011707	0.775716
163.000000	-0.080956	0.500678
162.800000	-0.007311	0.775372
162.600000	-0.064683	0.945955
162.400000	-0.013768	0.683827
162.200000	-0.077283	0.732115
162.000000	0.029118	0.682386
161.800000	0.017611	0.766420
161.600000	-0.043312	0.739482
161.400000	-0.017282	0.794411
161.200000	-0.030246	0.959837
161.000000	0.024260	0.824174
160.800000	-0.010746	0.776266
160.600000	0.016413	1.004067
160.400000	-0.055334	0.914954
160.200000	0.001333	0.849362
160.000000	-0.035389	0.992445
