#lab INRiM
#s CNTArO2Etching_N1new
#t 2.7
#d 0.5
#V -100
#
#Time	Current
0.999811	-354843.700000
1.999625	-353996.500000
2.999665	-353246.600000
3.999730	-355785.200000
5.000616	-354759.700000
6.002428	-356001.400000
7.001859	-351418.300000
8.001971	-351006.400000
9.001773	-353502.800000
10.002493	-345725.600000
11.002790	-345803.800000
12.003391	-372555.100000
13.003314	-370099.500000
14.003223	-368530.100000
15.004079	-368313.000000
16.004238	-406872.200000
17.004282	-404866.900000
18.003788	-406993.800000
19.004483	-406024.000000
20.004215	-405530.600000
21.004890	-406502.100000
22.006533	-406363.500000
23.006554	-405647.100000
24.007526	-407214.300000
25.007197	-405833.400000
26.006643	-405943.100000
27.008278	-406658.000000
28.007728	-407711.200000
29.007588	-406546.900000
30.008410	-405519.900000
31.008635	-406912.300000
32.010008	-403842.600000
33.011252	-404906.800000
34.010808	-404664.500000
35.010645	-405886.600000
36.010755	-407691.700000
37.012279	-407964.400000
38.012360	-408789.900000
39.011619	-408614.700000
40.011906	-409299.000000
41.012347	-410458.700000
42.011674	-411408.200000
43.011950	-412737.900000
44.013447	-411898.800000
45.013482	-401200.100000
46.013918	-388382.900000
47.013783	-388739.100000
48.013889	-390301.700000
49.015330	-391541.400000
50.014643	-389102.000000
51.015367	-390011.000000
52.015135	-388539.200000
53.014910	-388216.100000
54.015162	-388885.500000
55.015649	-391883.000000
56.017128	-389030.900000
57.017163	-388394.400000
58.017399	-389927.100000
59.018486	-388067.800000
60.018606	-389844.200000
61.018804	-392025.600000
62.019056	-390032.600000
63.018843	-387543.700000
64.019352	-388722.400000
65.019238	-388929.200000
66.020322	-389528.900000
67.019581	-393934.600000
68.020092	-394741.700000
69.019596	-394573.100000
70.020184	-394457.900000
71.020275	-394416.800000
72.021471	-394553.300000
73.021260	-395735.400000
74.021957	-392604.800000
75.022099	-392967.200000
76.021874	-393249.000000
77.022209	-394523.200000
78.023265	-395288.900000
79.024327	-403629.300000
80.023834	-403233.700000
81.023704	-395841.300000
82.024126	-398435.100000
83.025033	-397932.400000
84.026302	-395301.800000
85.025606	-391650.600000
86.025748	-390982.600000
87.027323	-393488.900000
88.027503	-397225.400000
89.026963	-395284.100000
90.026979	-394060.400000
91.027347	-393396.900000
92.026783	-394586.300000
93.026756	-397568.700000
94.027139	-396622.000000
95.026963	-396728.700000
96.026866	-396889.800000
97.026987	-395889.300000
98.027060	-391521.600000
99.027187	-391790.900000
100.028507	-390222.200000
101.027827	-390473.300000
102.027692	-390037.500000
103.027957	-390660.600000
104.028572	-394517.300000
105.027810	-394342.200000
106.027878	-393913.500000
107.027953	-394230.900000
108.028121	-393065.800000
109.027788	-388387.100000
110.028100	-392256.300000
111.029498	-390762.200000
112.030035	-388925.700000
113.030058	-386649.800000
114.029821	-388094.800000
115.030905	-389165.100000
116.031183	-390112.100000
117.030744	-387871.600000
118.032221	-387320.900000
119.032178	-387588.400000
120.032248	-386442.100000
121.032011	-386657.900000
122.031692	-386000.000000
123.032342	-386996.400000
124.031620	-386449.100000
125.032924	-386318.800000
126.033404	-386516.400000
127.034276	-388565.700000
128.034519	-391662.000000
129.034251	-389368.800000
130.034606	-388622.300000
131.036456	-389621.900000
132.035983	-387893.500000
133.035888	-386925.100000
134.037337	-389403.100000
135.037558	-388846.700000
136.036720	-388127.500000
137.037656	-387979.800000
138.039537	-391538.700000
139.039082	-391997.000000
140.038834	-392751.700000
141.038674	-394599.700000
142.039219	-392289.600000
143.039479	-397272.800000
144.038671	-397692.400000
145.038823	-397178.200000
146.039162	-397375.900000
147.038617	-376602.800000
148.038792	-368115.700000
149.038652	-367190.100000
150.039009	-390382.300000
151.039202	-393776.000000
152.039033	-392451.900000
153.039979	-393968.000000
154.039952	-393576.200000
155.041410	-389581.200000
156.040918	-394990.900000
157.040836	-391165.300000
158.040722	-389332.000000
159.040596	-393234.100000
160.041109	-391469.700000
161.040643	-392789.500000
162.042311	-394448.000000
163.042926	-393665.400000
164.042759	-377559.800000
165.042876	-378668.800000
166.043394	-372598.200000
167.042618	-375270.600000
168.043306	-377320.500000
169.043944	-377844.500000
170.044157	-376977.800000
171.043739	-376324.300000
172.044040	-374240.800000
173.044581	-376941.200000
174.044884	-374812.700000
175.045084	-376687.600000
176.044799	-376643.000000
177.045151	-376479.300000
178.044800	-377859.800000
179.044756	-379599.600000
180.045063	-378944.300000
181.045331	-378155.200000
182.045389	-380270.200000
183.046531	-380546.900000
184.047118	-377307.700000
185.047245	-379514.100000
186.047125	-379320.400000
187.046749	-380790.100000
188.047340	-379682.300000
189.047909	-379489.900000
190.048057	-379282.600000
191.047669	-379337.500000
192.047668	-380832.300000
193.048423	-372003.300000
194.047918	-369066.300000
195.048557	-368484.400000
196.049272	-366386.500000
197.048662	-365601.900000
198.048723	-367503.000000
199.049055	-364119.400000
200.049555	-368172.800000
201.050005	-368863.200000
202.049862	-368211.400000
203.049647	-369081.200000
204.050447	-367703.200000
205.049986	-366136.600000
206.050097	-366675.500000
207.050612	-365834.000000
208.051094	-369003.800000
209.050967	-369183.300000
210.050753	-368495.100000
211.052507	-415900.000000
212.052452	-412917.500000
213.052669	-410370.100000
214.052924	-412240.800000
215.052956	-401939.600000
216.053343	-402647.100000
217.052712	-406007.200000
218.053027	-408205.800000
219.053577	-475927.900000
220.053028	-476590.300000
221.053428	-476524.400000
222.053391	-474449.000000
223.053673	-475421.700000
224.054593	-474430.800000
225.054884	-474052.900000
226.055591	-473406.600000
227.056220	-473367.100000
228.055702	-448319.900000
229.056108	-449600.200000
230.055971	-450863.400000
231.056509	-450458.800000
232.055986	-389814.100000
233.055680	-388501.800000
234.056060	-341397.000000
235.057364	-342405.100000
236.057209	-344244.600000
237.056621	-343363.400000
238.056679	-343662.800000
239.056806	-344825.100000
240.056918	-359342.500000
241.056932	-359001.700000
242.057963	-358411.800000
243.057752	-362043.800000
244.057823	-359477.800000
245.057744	-362426.200000
246.058136	-357489.500000
247.059446	-358237.000000
248.059068	-362167.500000
249.060274	-360017.900000
250.059809	-357909.000000
251.059941	-362114.100000
252.060236	-360418.600000
253.060290	-362229.400000
254.060113	-362349.500000
255.060008	-365378.100000
256.060961	-366314.500000
257.061312	-364663.600000
258.062513	-364483.200000
259.062215	-364359.700000
260.062897	-366261.000000
261.063474	-365344.900000
262.062649	-362726.200000
263.063140	-361927.700000
264.063287	-363757.300000
265.062743	-362852.800000
266.063590	-362937.900000
267.065460	-363183.300000
268.064780	-360814.700000
269.065250	-360504.800000
270.064755	-360112.900000
271.065646	-358182.400000
272.065995	-364844.800000
273.065662	-359145.600000
274.067534	-362368.400000
275.068436	-361420.000000
276.067928	-357277.000000
277.067678	-358948.300000
278.069510	-357432.600000
279.069254	-360788.000000
280.069522	-361432.900000
281.068792	-363178.400000
282.070552	-361400.300000
283.069888	-363222.300000
284.069973	-361089.600000
285.070298	-362052.300000
286.070606	-355333.100000
287.070607	-349660.200000
288.071466	-351083.900000
289.071101	-353638.000000
290.070613	-354545.800000
291.071126	-354417.800000
292.070908	-357882.200000
293.070898	-352572.400000
294.071619	-356642.400000
295.072355	-353259.500000
296.073400	-353912.600000
297.073482	-354205.300000
298.073001	-361220.300000
299.072696	-357712.100000
300.073124	-358823.700000
301.074522	-356855.400000
302.074346	-359517.200000
303.073783	-369215.000000
304.075040	-363475.500000
305.075358	-359328.900000
306.076575	-360442.600000
307.076371	-357664.600000
308.077467	-357090.700000
309.078428	-361505.000000
310.077940	-358098.400000
311.078238	-362607.500000
312.079360	-359806.000000
313.078766	-359613.800000
314.079460	-363406.200000
315.079481	-363724.100000
316.078604	-368065.600000
317.079535	-364724.700000
318.078992	-362819.800000
319.080348	-362884.900000
320.081239	-387470.900000
321.081365	-388004.900000
322.081149	-408693.600000
323.080739	-408357.500000
324.080914	-391403.700000
325.082376	-376561.400000
326.083017	-377454.300000
327.083983	-379614.600000
328.085009	-376284.000000
329.085394	-375997.100000
330.085436	-374993.700000
331.085249	-376295.500000
332.084969	-388965.400000
333.085916	-387676.600000
334.085799	-387758.100000
335.086002	-389252.800000
336.086183	-388078.000000
337.085921	-390033.100000
338.086615	-387717.000000
339.088101	-388783.900000
340.087793	-386523.400000
341.088035	-386838.300000
342.087631	-395719.100000
343.087703	-394640.800000
344.089177	-396148.500000
345.089143	-395612.600000
346.088919	-395763.400000
347.089095	-393627.200000
348.089193	-393215.500000
349.089204	-393245.600000
350.088716	-394890.300000
351.088993	-398221.700000
352.090274	-398429.800000
353.091230	-398296.700000
354.091437	-398177.300000
355.091239	-405853.500000
356.092466	-416949.500000
357.092499	-413442.200000
358.093071	-410486.500000
359.093379	-404095.700000
360.093026	-403358.000000
361.093480	-403608.100000
362.092609	-407271.500000
363.092699	-402322.000000
364.093001	-382518.300000
365.093285	-382339.600000
366.092962	-384953.100000
367.093520	-375940.800000
368.094270	-382203.900000
369.095514	-383273.700000
370.095155	-374289.300000
371.094916	-381606.700000
372.095381	-382456.200000
373.095939	-380218.700000
374.096034	-383762.300000
375.095737	-382316.200000
376.096130	-382432.400000
377.095956	-382963.800000
378.096115	-391274.400000
379.095678	-390584.900000
380.096158	-391124.500000
381.096272	-388289.600000
382.095723	-387125.900000
383.096283	-387670.100000
384.095693	-389963.900000
385.095716	-390807.900000
386.097462	-392164.900000
387.098408	-397290.100000
388.098033	-394390.100000
389.097663	-396968.900000
390.098011	-395631.400000
391.097667	-397166.700000
392.099483	-396594.600000
393.099202	-396055.300000
394.098928	-392355.800000
395.099315	-393437.300000
396.099309	-392441.500000
397.099590	-389163.700000
398.100164	-381645.900000
399.100266	-383961.600000
400.099917	-382311.700000
401.099778	-375700.600000
402.100007	-375004.800000
403.101263	-375286.000000
404.102228	-371885.700000
405.101894	-373128.600000
406.102435	-371451.600000
407.102594	-373461.600000
408.103258	-372449.100000
409.103730	-372701.500000
410.104544	-374344.800000
411.105230	-377117.300000
412.106375	-374748.900000
413.106457	-372498.400000
414.105737	-374003.400000
415.107226	-373557.600000
416.107872	-371920.900000
417.107945	-374676.700000
418.108027	-370567.500000
419.108243	-374592.900000
420.107838	-372265.600000
421.108932	-373440.700000
422.109017	-372979.100000
423.108621	-373100.700000
424.108959	-372575.800000
425.109601	-370485.300000
426.109843	-371443.300000
427.110086	-371525.700000
428.110971	-371314.900000
429.112211	-373528.900000
430.112888	-372242.500000
431.114062	-374325.500000
432.114204	-374601.000000
433.115342	-373820.700000
434.115242	-374700.700000
435.114887	-373555.400000
436.116453	-371707.600000
437.115884	-373549.600000
438.116083	-373174.300000
439.115622	-372464.700000
440.116594	-405174.300000
441.117375	-404819.300000
442.118548	-404857.300000
443.118279	-406274.200000
444.117841	-406328.800000
445.118239	-374543.300000
446.118054	-374828.800000
447.118623	-375041.300000
448.119031	-374196.700000
449.118579	-374537.500000
450.118910	-375208.200000
451.119606	-377296.600000
452.120338	-374917.700000
453.119845	-386814.300000
454.120298	-388903.500000
455.121070	-383521.100000
456.120951	-390051.800000
457.120919	-388585.900000
458.121290	-387984.900000
459.120859	-388011.300000
460.122557	-389058.900000
461.121967	-408638.400000
462.122031	-390183.900000
463.122259	-391649.500000
464.122212	-391440.000000
465.121784	-389127.500000
466.122115	-388927.200000
467.123109	-391407.800000
468.123158	-399235.000000
469.123379	-398435.400000
470.123031	-397364.800000
471.122663	-397562.000000
472.124355	-397657.600000
473.123624	-398222.400000
474.123605	-397208.800000
475.123996	-398387.600000
476.123806	-398994.600000
477.124363	-399052.700000
478.124046	-399169.800000
479.124261	-397606.600000
480.123674	-397172.500000
481.125273	-397212.400000
482.125454	-398558.200000
483.125380	-398086.200000
484.126558	-399891.700000
485.125609	-400035.300000
486.126167	-396413.100000
487.125629	-392199.700000
488.125960	-394241.900000
489.125784	-394499.600000
490.127048	-392364.900000
491.127594	-393759.600000
492.127870	-394096.700000
493.128390	-394417.600000
494.128305	-394263.700000
495.127975	-395423.300000
496.128108	-394559.500000
497.128168	-397392.900000
498.127982	-396535.000000
499.128049	-397522.900000
500.129271	-397520.600000
501.128803	-396357.300000
502.129758	-398302.800000
503.129626	-397227.900000
504.129875	-387200.400000
505.131255	-384030.200000
506.131518	-387079.000000
507.131418	-383036.500000
508.130918	-384292.300000
509.131283	-380386.500000
510.131163	-385225.400000
511.130691	-370383.900000
512.130647	-372677.400000
513.131310	-372409.700000
514.132275	-375578.300000
515.133019	-378977.000000
516.132688	-378220.100000
517.134316	-379355.000000
518.135156	-387941.000000
519.134785	-390592.800000
520.135281	-388585.500000
521.134619	-386602.600000
522.134828	-384464.900000
523.134637	-382437.100000
524.135211	-382541.800000
525.135005	-376390.600000
526.135346	-383031.900000
527.134746	-385324.100000
528.136116	-384759.400000
529.135627	-385980.200000
530.136044	-391018.900000
531.137518	-389904.100000
532.137366	-389132.500000
533.138444	-390531.000000
534.139402	-391916.500000
535.140435	-392087.900000
536.139800	-396658.100000
537.140748	-394194.900000
538.141162	-393293.500000
539.140926	-393557.700000
540.142527	-393408.300000
541.143414	-399436.300000
542.143215	-401498.000000
543.143211	-401299.300000
544.143365	-402733.400000
545.143122	-400543.700000
546.142668	-402612.000000
547.142694	-403021.900000
548.142882	-402332.900000
549.143194	-403555.800000
550.144555	-402773.500000
551.143858	-403010.000000
552.143805	-402759.400000
553.144227	-402220.100000
554.144603	-401852.500000
555.146378	-401246.600000
556.146253	-401618.800000
557.146091	-403338.600000
558.146671	-402722.500000
559.146598	-402690.100000
560.146794	-402103.200000
561.147364	-406236.600000
562.147343	-406428.000000
563.147323	-407070.600000
564.147244	-405985.300000
565.147327	-405977.400000
566.147102	-406612.200000
567.147612	-406589.300000
568.148858	-407559.200000
569.150417	-405618.300000
570.149899	-405354.700000
571.151146	-406776.500000
572.151091	-410718.700000
573.150948	-410897.000000
574.151330	-411942.000000
575.150928	-411492.900000
576.150990	-411643.600000
577.151536	-411698.900000
578.151342	-412656.600000
579.150972	-410085.100000
580.150842	-410886.600000
581.151360	-412129.000000
582.150786	-413467.400000
583.152328	-413273.700000
584.151784	-413212.800000
585.151669	-412822.400000
586.152854	-411996.000000
587.152734	-411902.300000
588.152839	-412610.200000
589.152796	-411282.900000
590.152670	-409604.600000
591.152987	-451691.800000
592.154505	-409961.500000
593.153604	-407854.300000
594.153733	-410553.800000
595.154015	-409396.400000
596.154246	-409795.500000
597.154370	-410792.700000
598.154087	-410973.100000
599.155372	-409623.800000
600.156572	-412937.900000
601.155611	-412447.500000
602.156487	-408099.200000
603.155812	-408257.300000
604.156103	-408292.200000
605.156450	-408147.500000
606.157382	-408795.500000
607.156926	-407436.100000
608.157110	-400806.200000
609.156653	-404029.100000
610.158080	-403907.000000
611.158134	-404876.000000
612.157863	-411641.700000
613.158279	-410372.600000
614.157640	-410443.400000
615.159447	-411107.900000
616.160266	-410413.900000
617.160391	-408515.700000
618.160126	-408717.100000
619.160226	-403456.100000
620.159914	-402823.200000
621.159971	-402720.200000
622.160612	-398459.500000
623.160750	-400523.800000
624.161273	-399415.300000
625.160901	-406164.000000
626.161088	-406032.700000
627.160715	-403417.000000
628.162320	-401533.600000
629.162558	-400432.400000
630.163202	-399261.300000
631.162600	-397864.300000
632.163203	-400414.900000
633.164076	-391994.300000
634.163647	-392352.400000
635.163787	-391129.000000
636.165113	-393459.300000
637.164801	-394828.400000
638.165284	-391670.500000
639.165278	-392490.500000
640.164638	-392803.400000
641.165390	-393429.800000
642.165278	-393173.800000
643.164774	-396653.500000
644.165409	-396256.000000
645.165438	-402015.100000
646.165619	-391417.800000
647.166304	-392763.500000
648.166105	-399922.500000
649.166533	-397914.600000
650.167583	-398203.700000
651.167631	-399310.100000
652.168900	-399094.300000
653.170019	-399691.000000
654.171111	-385040.800000
655.170602	-383925.900000
656.170611	-393262.500000
657.171267	-396319.500000
658.170598	-395433.500000
659.170835	-395351.200000
660.170826	-385685.900000
661.170823	-384626.100000
662.170622	-382027.300000
663.171128	-390506.200000
664.172667	-390086.700000
665.173266	-397409.200000
666.172981	-396046.400000
667.174453	-396527.400000
668.175495	-398405.900000
669.176280	-402215.400000
670.176858	-399661.400000
671.177415	-394718.300000
672.177354	-399121.500000
673.177121	-398540.500000
674.177004	-406409.200000
675.176878	-406278.300000
676.176837	-406511.500000
677.176580	-407148.400000
678.178452	-407296.400000
679.177928	-406799.700000
680.177980	-412007.100000
681.178324	-413624.300000
682.178102	-413685.700000
683.179020	-412143.200000
684.179986	-410902.500000
685.181433	-412546.300000
686.181565	-410932.500000
687.181717	-405998.700000
688.183534	-405195.800000
689.182689	-408564.200000
690.183527	-407840.100000
691.184206	-406332.300000
692.185036	-405809.800000
693.184682	-407119.700000
694.185311	-404131.000000
695.185132	-403943.900000
696.184842	-405077.500000
697.185246	-401632.000000
698.184655	-399527.700000
699.185198	-398523.300000
700.185207	-398975.800000
701.186234	-389599.800000
702.186648	-391333.400000
703.188538	-386708.000000
704.188326	-387627.900000
705.188301	-386723.200000
706.187638	-394875.500000
707.188141	-394538.600000
708.189441	-394141.800000
709.189262	-395273.900000
710.189366	-393198.900000
711.189302	-392212.500000
712.189386	-393265.500000
713.189164	-392604.600000
714.188681	-391927.500000
715.189326	-401600.200000
716.189564	-401151.200000
717.189082	-400195.900000
718.189426	-399006.100000
719.189428	-399536.900000
720.190374	-400352.700000
721.189890	-401127.800000
722.191420	-400622.500000
723.191997	-399724.600000
724.192179	-400037.500000
725.192415	-401028.600000
726.191737	-401768.400000
727.191782	-402038.200000
728.191852	-403190.600000
729.193595	-403753.400000
730.194434	-400959.300000
731.195226	-401854.700000
732.194775	-400186.800000
733.194581	-400272.400000
734.194915	-398886.400000
735.194664	-399237.500000
736.195493	-399045.000000
737.196411	-419363.300000
738.195585	-420055.000000
739.195582	-421794.300000
740.195817	-424574.600000
741.195940	-423269.500000
742.195956	-424122.900000
743.197344	-424574.600000
744.197220	-425617.600000
745.198328	-423135.600000
746.199361	-424793.100000
747.200001	-425827.900000
748.201321	-424138.300000
749.202343	-426371.900000
750.201647	-424229.600000
751.201821	-423857.100000
752.203529	-424867.200000
753.203550	-423597.800000
754.202852	-425463.400000
755.202734	-423962.500000
756.204244	-422320.200000
757.203816	-423727.200000
758.203601	-425149.000000
759.204980	-424041.700000
760.205595	-424058.900000
761.205703	-421941.800000
762.205782	-422086.900000
763.207304	-421171.900000
764.206651	-421821.500000
765.206961	-410297.400000
766.207294	-409933.100000
767.207038	-411524.800000
768.207162	-411058.600000
769.207390	-411697.900000
770.207312	-412162.200000
771.206686	-412490.600000
772.208197	-415065.100000
773.209361	-415422.100000
774.208791	-414748.700000
775.208659	-416425.600000
776.209157	-418079.400000
777.209270	-419409.600000
778.208682	-419643.800000
779.209286	-420547.300000
780.210550	-424315.500000
781.209728	-422399.800000
782.210195	-420928.300000
783.209759	-420690.800000
784.210210	-425006.100000
785.209772	-425535.700000
786.210226	-425165.100000
787.209602	-429083.700000
788.209585	-430800.300000
789.209784	-430078.800000
790.209764	-432996.400000
791.209873	-433030.900000
792.210475	-431304.200000
793.211540	-429355.500000
794.212493	-429452.700000
795.211951	-431431.600000
796.211918	-431227.900000
797.212131	-430691.300000
798.211600	-431604.000000
799.212003	-438615.800000
800.213288	-441659.700000
801.214043	-442920.100000
802.214056	-440744.000000
803.213844	-442390.800000
804.214252	-440178.900000
805.214201	-439356.200000
806.213867	-440589.600000
807.215439	-442755.000000
808.215299	-440311.500000
809.214940	-440285.700000
810.214950	-441190.800000
811.215180	-437279.300000
812.216542	-440119.700000
813.216187	-437732.800000
814.215618	-437845.800000
815.215951	-436824.300000
816.215675	-437209.500000
817.215650	-437554.300000
818.216541	-435715.900000
819.215731	-435994.300000
820.216403	-434166.300000
821.216415	-431751.200000
822.215931	-426048.000000
823.215617	-425155.300000
824.215751	-426500.500000
825.215688	-424718.200000
826.216543	-424964.700000
827.215762	-420736.200000
828.217474	-427098.900000
829.217086	-425912.900000
830.216999	-428508.400000
831.216632	-424315.400000
832.217605	-428112.100000
833.218110	-433300.600000
834.218296	-431465.400000
835.218174	-433582.800000
836.217953	-431499.900000
837.217952	-434408.900000
838.219132	-428090.600000
839.219397	-427253.100000
840.218891	-429209.700000
841.220266	-428729.900000
842.221553	-427846.700000
843.221150	-426765.000000
844.220724	-427574.600000
845.221295	-426087.500000
846.220971	-426960.100000
847.220710	-426813.500000
848.221348	-425853.300000
849.221547	-428322.000000
850.221384	-425806.500000
851.220922	-424271.200000
852.221291	-427871.600000
853.221882	-424621.200000
854.221959	-423912.000000
855.221775	-428194.700000
856.222285	-428209.300000
857.223314	-425947.400000
858.222741	-430645.500000
859.224071	-431914.800000
860.224062	-444970.000000
861.223968	-454988.600000
862.225551	-453541.000000
863.225387	-454613.900000
864.224751	-455341.700000
865.224635	-454569.800000
866.224673	-454206.900000
867.226221	-456919.000000
868.225629	-444103.100000
869.226375	-443941.800000
870.226214	-419727.700000
871.226451	-420126.200000
872.225826	-421865.500000
873.225935	-421158.100000
874.226564	-385491.800000
875.225960	-391507.000000
876.225965	-431707.300000
877.226182	-436777.700000
878.227252	-433439.200000
879.226912	-435707.400000
880.227271	-432078.700000
881.226871	-432485.400000
882.227144	-432308.700000
883.228384	-438790.300000
884.228302	-445590.500000
885.227698	-438178.100000
886.228996	-425014.800000
887.228961	-425210.300000
888.228761	-425444.300000
889.229301	-426507.300000
890.230278	-424212.800000
891.229679	-423829.900000
892.230427	-423333.500000
893.230347	-422854.800000
894.230383	-422926.700000
895.230513	-412804.600000
896.231214	-413470.500000
897.230639	-413140.300000
898.230893	-412746.900000
899.230592	-412672.200000
900.232330	-412664.300000
901.233559	-411167.400000
902.232743	-408842.100000
903.233212	-412368.400000
904.233384	-412920.300000
905.234458	-412767.900000
906.234291	-412821.400000
907.234134	-412073.600000
908.233751	-413665.600000
909.234128	-414003.600000
910.234195	-417404.800000
911.235236	-417984.900000
912.235507	-417716.700000
913.235492	-417450.200000
914.235202	-417468.800000
915.235014	-419576.800000
916.235295	-420149.100000
917.235297	-418599.800000
918.235026	-419948.300000
919.235391	-420133.500000
920.235078	-420331.500000
921.235610	-420967.100000
922.236216	-420505.800000
923.235770	-418241.100000
924.237410	-418839.400000
925.237256	-418541.900000
926.237457	-423779.900000
927.236614	-423706.700000
928.238317	-423556.000000
929.239134	-424571.400000
930.238945	-425423.100000
931.239103	-425873.900000
932.239165	-429740.600000
933.239011	-429621.500000
934.239470	-428318.200000
935.239192	-428632.700000
936.240259	-417672.100000
937.239985	-422873.900000
938.239658	-420457.400000
939.241281	-420661.000000
940.240938	-378073.400000
941.241130	-378255.000000
942.240759	-379426.100000
943.240610	-388967.000000
944.241510	-391741.900000
945.241655	-391183.800000
946.241860	-392023.400000
947.242287	-391475.300000
948.241866	-390777.800000
949.242203	-389730.800000
950.242210	-388907.400000
951.241616	-399662.100000
952.241974	-398742.100000
953.242213	-395955.400000
954.242246	-396108.300000
955.242144	-395620.300000
956.243434	-394867.900000
957.243131	-394911.200000
958.244223	-395254.900000
959.244144	-396368.000000
960.244488	-401133.100000
961.244159	-401267.200000
962.244283	-403250.800000
963.243769	-402398.500000
964.244354	-401476.700000
965.244495	-401585.900000
966.244550	-401651.300000
967.245258	-403421.800000
968.245159	-404847.900000
969.246017	-399656.700000
970.246016	-426317.400000
971.246675	-425695.400000
972.246783	-408695.500000
973.247336	-406777.200000
974.246770	-412034.400000
975.247321	-406595.100000
976.247142	-406950.300000
977.247895	-430028.200000
978.247668	-408224.300000
979.248493	-410125.800000
980.249191	-408207.700000
981.249535	-407611.800000
982.249397	-406468.900000
983.248751	-407640.800000
984.248738	-407810.000000
985.248845	-406515.200000
986.249209	-406141.700000
987.248855	-404705.200000
988.249153	-405957.900000
989.249255	-405721.000000
990.248922	-403354.300000
991.248624	-405149.300000
992.250088	-402674.500000
993.249719	-404143.800000
994.250309	-401222.600000
995.250021	-401987.600000
996.249676	-399937.600000
997.249811	-395843.800000
998.250387	-393175.600000
999.250343	-395893.900000
1000.249603	-394074.000000
1001.250151	-393820.300000
1002.249963	-394403.500000
1003.249875	-393230.600000
1004.249975	-393971.200000
1005.249945	-394378.500000
1006.250121	-394502.600000
1007.249911	-393930.800000
1008.250082	-393116.600000
1009.249921	-391919.600000
1010.251564	-391834.800000
1011.252544	-392217.200000
1012.253383	-392292.000000
1013.252650	-393410.700000
1014.253509	-394743.600000
1015.252807	-392582.300000
1016.254281	-393460.300000
1017.253678	-393741.400000
1018.253639	-391763.600000
1019.254398	-390738.600000
1020.255319	-391448.900000
1021.255261	-390803.200000
1022.255484	-391694.400000
1023.255491	-392111.700000
1024.255423	-382149.500000
1025.255389	-379372.600000
1026.255391	-379633.100000
1027.255233	-380281.200000
1028.254822	-380532.100000
1029.255020	-377826.700000
1030.255147	-375569.800000
1031.255309	-376999.500000
1032.256122	-374318.500000
1033.256250	-375229.100000
1034.256482	-375331.600000
1035.256244	-401990.700000
1036.255642	-376345.900000
1037.255942	-375426.300000
1038.256124	-374766.000000
1039.256520	-383562.000000
1040.255755	-382164.400000
1041.255698	-383452.400000
1042.255623	-382431.900000
1043.256053	-384665.500000
1044.256216	-381802.500000
1045.256153	-383361.200000
1046.255699	-383608.600000
1047.257415	-384092.500000
1048.257442	-381195.200000
1049.257113	-381480.600000
1050.257514	-382558.900000
1051.257372	-383837.700000
1052.256703	-381058.700000
1053.256876	-380497.300000
1054.257415	-381054.400000
1055.257020	-381084.000000
1056.258392	-377219.300000
1057.257839	-388265.900000
1058.257717	-383995.300000
1059.257840	-381780.900000
1060.258183	-395976.100000
1061.258431	-399093.400000
1062.257979	-405210.200000
1063.258359	-398230.500000
1064.257594	-396206.500000
1065.258363	-400429.400000
1066.259558	-395674.400000
1067.259104	-396503.500000
1068.259271	-395957.400000
1069.259169	-399638.800000
1070.260470	-401032.200000
1071.260410	-400442.600000
1072.259867	-395113.600000
1073.261416	-387014.400000
1074.260918	-388680.800000
1075.261371	-389253.800000
1076.261320	-390237.400000
1077.262593	-396033.800000
1078.263526	-381715.000000
1079.262918	-383668.400000
1080.264611	-397313.300000
1081.266507	-395765.400000
1082.267192	-382106.000000
1083.268570	-381899.900000
1084.267886	-379015.300000
1085.267994	-381216.100000
1086.268352	-378607.400000
1087.268644	-379020.200000
1088.269236	-378844.600000
1089.268778	-370662.600000
1090.268740	-371250.500000
1091.269039	-372596.000000
1092.268618	-372548.600000
1093.269413	-377473.300000
1094.269441	-375870.700000
1095.269307	-375764.600000
1096.269189	-372857.600000
1097.269272	-372381.600000
1098.269076	-371821.100000
1099.269605	-375013.700000
1100.271135	-373576.800000
1101.272572	-374299.000000
1102.272124	-370867.500000
1103.273413	-379802.700000
1104.273301	-382877.000000
1105.272963	-386184.800000
1106.273081	-385006.300000
1107.273294	-385537.000000
1108.274281	-380042.300000
1109.274135	-381605.000000
1110.274378	-379983.100000
1111.274125	-375097.700000
1112.273779	-375612.400000
1113.273746	-377205.000000
1114.273711	-375395.500000
1115.274379	-374979.700000
1116.274543	-375310.100000
1117.274389	-377568.500000
1118.273765	-377801.700000
1119.273947	-378505.800000
1120.274386	-385728.600000
1121.273991	-388223.000000
1122.275215	-386910.200000
1123.274600	-418108.700000
1124.275340	-417320.300000
1125.275292	-423777.400000
1126.275077	-393114.900000
1127.274699	-390838.300000
1128.274822	-394518.300000
1129.276073	-393513.200000
1130.276196	-392258.200000
1131.275771	-393937.600000
1132.276170	-391995.700000
1133.276563	-394937.100000
1134.277288	-396843.700000
1135.276924	-393660.000000
1136.277258	-393223.700000
1137.276627	-395873.700000
1138.278394	-394585.000000
1139.278288	-397896.700000
1140.277869	-397910.000000
1141.278130	-398094.600000
1142.277737	-396573.000000
1143.278243	-397955.800000
1144.278396	-397192.400000
1145.277899	-396435.300000
1146.277963	-396518.000000
1147.277963	-398904.000000
1148.277822	-397669.900000
1149.278239	-395582.800000
1150.277970	-398072.900000
1151.278364	-395884.200000
1152.279396	-395143.200000
1153.280406	-395069.500000
1154.281521	-396304.900000
1155.281435	-388892.900000
1156.281123	-394182.800000
1157.281323	-393197.100000
1158.280722	-392670.100000
1159.282431	-393233.500000
1160.282413	-394553.100000
1161.282335	-395428.000000
1162.281590	-394486.100000
1163.281751	-393177.100000
1164.281682	-393812.100000
1165.281813	-395678.800000
1166.281751	-394630.600000
1167.281649	-392434.000000
1168.281975	-391791.800000
1169.281986	-391756.100000
1170.283494	-391435.700000
1171.282959	-392970.800000
1172.283105	-391307.500000
1173.284174	-388563.300000
1174.284348	-391828.800000
1175.284073	-447358.500000
1176.283801	-389119.300000
1177.284212	-389524.800000
1178.284926	-388225.100000
1179.284579	-388709.000000
1180.286219	-389321.600000
1181.286165	-389230.700000
1182.286574	-390678.900000
1183.286520	-394050.000000
1184.286425	-395153.800000
1185.286366	-391608.900000
1186.286404	-392382.000000
1187.286509	-393039.700000
1188.286331	-393485.800000
1189.286272	-390508.900000
1190.285958	-393212.400000
1191.286063	-394822.100000
1192.286279	-394498.500000
1193.286687	-368706.000000
1194.287247	-369082.400000
1195.287030	-368113.600000
1196.287317	-369293.100000
1197.287076	-374486.300000
1198.287230	-375475.300000
1199.286599	-370658.300000
1200.287561	-373031.100000
1201.286779	-371182.200000
1202.287179	-374106.000000
1203.286639	-373948.800000
1204.288358	-377589.700000
1205.289261	-377982.800000
1206.290330	-380443.700000
1207.290932	-381782.700000
1208.290882	-383539.600000
1209.290940	-383918.000000
1210.290654	-379855.700000
1211.290720	-379771.300000
1212.291381	-382922.200000
1213.290854	-383388.600000
1214.292173	-386473.300000
1215.291827	-384338.300000
1216.293441	-381109.700000
1217.292919	-376961.800000
1218.292824	-377735.300000
1219.292711	-379536.900000
1220.294507	-377134.900000
1221.294567	-376352.000000
1222.294235	-378641.500000
1223.294116	-378287.400000
1224.293812	-378830.700000
1225.293667	-378244.600000
1226.294337	-375858.000000
1227.293617	-378850.300000
1228.294089	-377531.200000
1229.293810	-377150.700000
1230.294109	-378293.500000
1231.293815	-377110.400000
1232.293611	-399437.500000
1233.294883	-393917.000000
1234.295238	-395542.300000
1235.295467	-394696.800000
1236.296137	-393912.600000
1237.296058	-395466.100000
1238.295981	-393206.200000
1239.297462	-391943.900000
1240.296826	-395299.200000
1241.297443	-392715.600000
1242.297261	-394420.900000
1243.296921	-394157.300000
1244.297983	-395754.500000
1245.297802	-397146.600000
1246.297796	-397143.900000
1247.298621	-398442.400000
1248.299928	-397049.900000
1249.299710	-428908.600000
1250.300428	-407021.700000
1251.300535	-405667.100000
1252.300362	-406896.000000
1253.299908	-407815.400000
1254.300299	-403663.800000
1255.299934	-405872.900000
1256.301377	-402837.200000
1257.301764	-405224.400000
1258.301769	-402415.400000
1259.302099	-401677.700000
1260.301742	-401310.200000
1261.301687	-405193.700000
1262.301584	-405597.700000
1263.301797	-404671.000000
1264.301819	-404223.300000
1265.301700	-404332.000000
1266.302243	-404728.500000
1267.303271	-404123.100000
1268.303384	-404836.700000
1269.304420	-405282.700000
1270.304401	-406996.900000
1271.304407	-405204.400000
1272.305386	-427033.000000
1273.305325	-406331.300000
1274.306304	-402373.000000
1275.305979	-405386.500000
1276.306005	-401918.500000
1277.305654	-402371.000000
1278.306420	-404056.000000
1279.305641	-401796.400000
1280.306030	-402564.400000
1281.305939	-403350.500000
1282.305927	-402177.800000
1283.305723	-402861.400000
1284.307358	-402171.900000
1285.307161	-400261.500000
1286.307155	-399990.800000
1287.306638	-401107.400000
1288.308556	-400629.900000
1289.307637	-402375.800000
1290.309416	-389606.500000
1291.309158	-388237.100000
1292.309138	-388870.100000
1293.308866	-389139.400000
1294.308861	-388077.500000
1295.309234	-387802.800000
1296.310228	-386372.000000
1297.311084	-387368.000000
1298.311927	-387198.600000
1299.312175	-387794.000000
1300.311962	-388020.200000
1301.312457	-385575.200000
1302.312230	-387112.600000
1303.312409	-384196.400000
1304.312083	-386709.900000
1305.313302	-385005.400000
1306.313868	-385723.300000
1307.314594	-383004.100000
1308.314881	-385774.500000
1309.315428	-385754.500000
1310.315045	-385029.900000
1311.314837	-385737.100000
1312.314894	-386366.900000
1313.314613	-384775.500000
1314.315067	-384943.300000
1315.315595	-384325.300000
1316.315581	-385235.700000
1317.317211	-384106.400000
1318.316921	-386379.300000
1319.317035	-384990.800000
1320.317148	-384936.900000
1321.317569	-379920.500000
1322.317445	-383151.000000
1323.316995	-379207.300000
1324.317512	-380175.900000
1325.318370	-375976.100000
1326.318174	-377575.600000
1327.317658	-377039.200000
1328.318635	-376136.400000
1329.320277	-379020.800000
1330.319996	-376419.200000
1331.320334	-382441.500000
1332.319705	-395386.500000
1333.320415	-398356.100000
1334.321495	-395043.800000
1335.321352	-394139.400000
1336.320857	-396806.800000
1337.320937	-396386.100000
1338.320927	-373356.600000
1339.320884	-376032.900000
1340.320752	-374538.300000
1341.321225	-374086.600000
1342.322502	-396328.600000
1343.323330	-410547.200000
1344.322828	-415088.700000
1345.322928	-396023.500000
1346.323148	-397047.600000
1347.322587	-397304.200000
1348.322682	-395078.400000
1349.323359	-396609.500000
1350.323420	-398004.200000
1351.323586	-392412.600000
1352.324291	-392228.200000
1353.323664	-393238.600000
1354.324491	-401883.900000
1355.324602	-402008.600000
1356.325162	-417670.400000
1357.324956	-425542.700000
1358.324971	-425258.700000
1359.326438	-425790.500000
1360.326417	-429145.500000
1361.326079	-430754.700000
1362.326455	-429721.400000
1363.325793	-430849.300000
1364.326148	-397057.900000
1365.326411	-392509.100000
1366.326579	-391569.800000
1367.326364	-387849.900000
1368.327568	-410713.900000
1369.326695	-393255.500000
1370.328204	-394802.200000
1371.327736	-429576.600000
1372.328350	-423581.000000
1373.327890	-421727.000000
1374.328394	-422635.700000
1375.328187	-423171.800000
1376.327955	-413851.100000
1377.327710	-420612.600000
1378.327919	-421281.100000
1379.328272	-496749.600000
1380.327931	-492745.100000
1381.328119	-510803.100000
1382.328093	-510118.400000
1383.327589	-508513.400000
1384.328104	-497750.200000
1385.327830	-499506.300000
1386.328377	-468289.700000
1387.329336	-468357.000000
1388.329466	-423284.300000
1389.329318	-423971.200000
1390.329313	-423007.000000
1391.328833	-423215.100000
1392.329218	-423935.800000
1393.329257	-423940.900000
1394.330342	-423134.300000
1395.330070	-422679.300000
1396.331390	-437070.000000
1397.330610	-417856.400000
1398.332301	-416609.500000
1399.331710	-419044.000000
1400.332498	-416729.300000
1401.332055	-417924.200000
1402.331827	-422193.700000
1403.332966	-422786.300000
1404.333375	-422860.800000
1405.332611	-417403.700000
1406.333428	-416991.700000
1407.332833	-416106.600000
1408.333528	-415869.000000
1409.332887	-433503.000000
1410.333328	-431929.900000
1411.333249	-414196.500000
1412.333763	-413468.100000
1413.335543	-413812.900000
1414.334663	-415788.700000
1415.335480	-416070.500000
1416.335173	-416144.700000
1417.335027	-416894.100000
1418.336387	-412433.700000
1419.336139	-420334.400000
1420.335650	-424803.400000
1421.336337	-423762.700000
1422.336233	-424078.800000
1423.335788	-423741.100000
1424.335684	-425346.100000
1425.336516	-422836.100000
1426.335656	-422551.600000
1427.336492	-442201.100000
1428.336543	-443378.200000
1429.335721	-440386.700000
1430.336995	-443444.500000
1431.338209	-442699.200000
1432.339535	-425143.700000
1433.339347	-424109.900000
1434.339519	-423578.600000
1435.339004	-426121.000000
1436.339473	-423960.300000
1437.339158	-424260.000000
1438.339499	-432622.400000
1439.339615	-432944.800000
1440.339744	-449481.300000
1441.339880	-447710.100000
1442.341250	-439677.800000
1443.340896	-425319.300000
1444.340939	-425168.900000
1445.341027	-420805.000000
1446.340924	-420727.800000
1447.340651	-419883.100000
1448.340775	-430157.300000
1449.341285	-428891.000000
1450.341938	-423768.000000
1451.342238	-423835.700000
1452.342383	-407545.100000
1453.342388	-405525.800000
1454.342914	-402932.600000
1455.342596	-406150.500000
1456.343245	-409173.400000
1457.342594	-409083.300000
1458.343011	-413242.600000
1459.344552	-409496.700000
1460.344586	-410260.400000
1461.344877	-431668.200000
1462.345488	-433443.900000
1463.345145	-426244.700000
1464.345351	-427320.400000
1465.345395	-428046.700000
1466.344822	-432397.600000
1467.345135	-433142.100000
1468.346252	-443793.600000
1469.346030	-442471.900000
1470.346299	-440009.000000
1471.346097	-438709.200000
1472.346086	-437197.700000
1473.345614	-436960.800000
1474.346288	-437469.600000
1475.346603	-437419.700000
1476.346644	-437598.900000
1477.346885	-433927.100000
1478.346967	-434712.900000
1479.346703	-432170.900000
1480.347211	-432577.300000
1481.346599	-431074.400000
1482.347399	-430499.400000
1483.347619	-429806.500000
1484.347780	-450371.300000
1485.348377	-452755.800000
1486.348646	-450361.800000
1487.348675	-450638.800000
1488.349026	-451730.800000
1489.350512	-451305.100000
1490.350548	-451628.400000
1491.350184	-449222.700000
1492.350623	-450238.600000
1493.350626	-439544.200000
1494.352587	-441318.700000
1495.353873	-440095.500000
1496.353971	-438536.800000
1497.354375	-438371.600000
1498.354536	-438153.200000
1499.354102	-439112.700000
1500.353869	-437820.800000
1501.354424	-437008.600000
1502.353686	-437889.900000
1503.354122	-437829.500000
1504.354031	-441344.800000
1505.354539	-441706.300000
1506.354538	-439537.800000
1507.353835	-439706.400000
1508.354214	-438837.900000
1509.354587	-439537.500000
1510.355306	-439322.000000
1511.354642	-437326.700000
1512.354934	-432083.400000
1513.355605	-433380.700000
1514.356578	-433257.600000
1515.356776	-431135.300000
1516.357135	-437710.800000
1517.357372	-438519.700000
1518.356760	-436989.400000
1519.358245	-436904.500000
1520.357713	-436440.500000
1521.358520	-447928.300000
1522.358971	-446891.300000
1523.358787	-454251.300000
1524.359940	-453179.800000
1525.361478	-453467.500000
1526.361223	-447576.600000
1527.360651	-447068.500000
1528.361392	-447740.700000
1529.361010	-447061.600000
1530.360730	-447091.000000
1531.360681	-448723.800000
1532.362378	-447033.300000
1533.362995	-447338.600000
1534.362762	-449011.200000
1535.363545	-447856.400000
1536.362907	-448627.700000
1537.363218	-453187.800000
1538.362648	-453564.000000
1539.362875	-454664.100000
1540.362642	-454615.800000
1541.362875	-456075.700000
1542.363246	-454761.400000
1543.362657	-455946.000000
1544.362659	-442161.200000
1545.362984	-417418.000000
1546.363286	-431730.300000
1547.363332	-411205.000000
1548.362747	-408537.600000
1549.364502	-404717.300000
1550.364011	-405920.000000
1551.364190	-405954.200000
1552.364542	-407235.100000
1553.364174	-406497.900000
1554.364366	-405737.400000
1555.365405	-405531.100000
1556.364586	-405303.800000
1557.365598	-405019.800000
1558.366017	-408240.300000
1559.366381	-410622.300000
1560.365623	-406677.900000
1561.367120	-407428.500000
1562.367329	-406917.600000
1563.366772	-406473.400000
1564.366927	-407483.300000
1565.368443	-407375.600000
1566.367849	-403977.000000
1567.368942	-406654.600000
1568.368604	-406715.100000
1569.368667	-407137.500000
1570.369506	-406310.700000
1571.368870	-406266.400000
1572.369109	-407010.400000
1573.368991	-405403.700000
1574.369532	-405066.500000
1575.368866	-408737.600000
1576.368833	-409756.700000
1577.369434	-409553.800000
1578.369538	-408562.600000
1579.368593	-408186.100000
1580.370492	-408921.200000
1581.370970	-409054.500000
1582.371418	-409424.000000
1583.370922	-410272.100000
1584.371541	-409427.000000
1585.371142	-412727.100000
1586.370943	-407701.000000
1587.372462	-407306.300000
1588.372582	-407471.200000
1589.374291	-406937.500000
1590.374183	-407033.600000
1591.373616	-407968.800000
1592.373821	-428192.100000
1593.374758	-429402.700000
1594.376398	-429336.600000
1595.377196	-428413.700000
1596.377097	-428151.100000
1597.376742	-426951.500000
1598.378530	-428000.400000
1599.378530	-577766.300000
1600.378525	-574233.600000
1601.377761	-576498.800000
1602.378236	-573740.500000
1603.378191	-583813.200000
1604.378177	-580282.500000
1605.379044	-554637.400000
1606.379059	-554736.100000
1607.379233	-554850.600000
1608.378808	-555210.600000
1609.378875	-555100.000000
1610.378652	-557815.400000
1611.378812	-557710.200000
1612.379084	-558621.800000
1613.380466	-559110.300000
1614.381108	-562517.000000
1615.382523	-560449.100000
1616.383402	-560822.300000
1617.382832	-561839.400000
1618.382799	-560711.800000
1619.382804	-561101.700000
1620.383232	-560464.400000
1621.384533	-563720.900000
1622.384025	-562732.600000
1623.384254	-561209.300000
1624.383797	-560526.000000
1625.384197	-564234.900000
1626.384254	-563956.000000
1627.385353	-567235.500000
1628.386522	-559860.400000
1629.387498	-562936.100000
1630.387527	-563109.000000
1631.388007	-565605.300000
1632.389299	-565335.700000
1633.388609	-564551.200000
1634.388726	-564559.200000
1635.388828	-563251.800000
1636.389907	-577724.500000
1637.389996	-574646.800000
1638.390556	-574731.700000
1639.389866	-576428.400000
1640.389939	-580015.400000
1641.391443	-581492.800000
1642.391285	-578124.900000
1643.392326	-577845.100000
1644.393543	-580414.900000
1645.394324	-590974.300000
1646.394131	-599850.700000
1647.393935	-576112.400000
1648.393805	-569194.900000
1649.393763	-569027.900000
1650.394300	-568825.700000
1651.393696	-569211.400000
1652.394419	-571018.900000
1653.393821	-572318.600000
1654.394354	-569108.000000
1655.394279	-568614.400000
1656.394555	-565696.200000
1657.395570	-566858.100000
1658.394814	-594598.400000
1659.395497	-581853.300000
1660.395109	-572372.600000
1661.394891	-570926.700000
1662.395113	-573463.600000
1663.394893	-570715.100000
1664.396505	-586505.600000
1665.395827	-588294.300000
1666.395599	-589226.200000
1667.396171	-595840.000000
1668.396036	-589830.200000
1669.396482	-597952.500000
1670.396344	-603148.500000
1671.396427	-603004.300000
1672.395657	-603678.700000
1673.395811	-604392.500000
1674.396080	-598151.300000
1675.397299	-602116.200000
1676.397359	-598054.000000
1677.396833	-603617.900000
1678.398251	-599817.100000
1679.398238	-604103.900000
1680.399519	-599685.600000
1681.399539	-599048.100000
1682.398953	-599720.400000
1683.399414	-600780.400000
1684.399130	-592505.700000
1685.399460	-585953.800000
1686.399474	-593309.900000
1687.398876	-613046.800000
1688.398929	-611956.600000
1689.399404	-620112.300000
1690.398827	-619356.100000
1691.399251	-620556.800000
1692.399283	-607864.400000
1693.400381	-606598.300000
1694.400056	-599646.900000
1695.401166	-610745.800000
1696.402361	-611524.800000
1697.402230	-601735.800000
1698.402281	-606858.600000
1699.402582	-604658.100000
1700.403494	-605311.100000
1701.404407	-604082.100000
1702.405282	-607982.200000
1703.405397	-606607.300000
1704.405339	-602889.700000
1705.405319	-602647.000000
1706.405464	-602433.900000
1707.405241	-605524.700000
1708.404993	-707099.300000
1709.404762	-706776.000000
1710.404884	-706750.100000
1711.404637	-706939.900000
1712.405272	-721156.400000
1713.404773	-598754.900000
1714.406123	-598963.900000
1715.406296	-599840.700000
1716.405727	-601578.400000
1717.405796	-602004.400000
1718.405617	-602235.300000
1719.405713	-590727.900000
1720.406632	-577313.700000
1721.406904	-577696.200000
1722.407112	-575912.700000
1723.408561	-577625.100000
1724.409037	-576053.400000
1725.408779	-578374.300000
1726.410295	-575102.000000
1727.409777	-577291.600000
1728.411256	-576518.300000
1729.410613	-577797.900000
1730.412224	-580046.200000
1731.411715	-580193.400000
1732.413469	-576214.700000
1733.412630	-575274.100000
1734.412963	-575024.700000
1735.412920	-574072.800000
1736.414446	-576370.000000
1737.414312	-580130.900000
1738.414262	-591524.100000
1739.414404	-592211.800000
1740.415525	-593282.200000
1741.415241	-608008.600000
1742.414940	-526274.000000
1743.415193	-417137.500000
1744.415191	-416340.300000
1745.416575	-409605.500000
1746.416254	-411531.300000
1747.417555	-415221.500000
1748.417059	-414817.600000
1749.418460	-418988.500000
1750.418056	-419746.300000
1751.417583	-419474.200000
1752.418958	-417795.500000
1753.419385	-420183.900000
1754.418990	-420130.300000
1755.419464	-419384.300000
1756.419398	-414762.700000
