#lab INRiM MiC b 30mK plate
#hv keithley6487
#s CNTArO2Etching_N1new
#t 0.03
#d 0.5
#N 20
#dbm 2
#
#Voltage	Current	SD
#V	pA	pA
0.000000	0.446070	15.691130
0.200000	-0.884987	10.476590
0.400000	0.491340	12.626370
0.600000	-0.804613	12.865850
0.800000	-1.027481	8.337938
1.000000	1.250177	14.085500
1.200000	-0.027352	13.068800
1.400000	-0.126937	11.545630
1.600000	1.093780	11.473780
1.800000	0.556029	14.688750
2.000000	-0.889155	16.521610
2.200000	-0.282494	16.145150
2.400000	-0.580465	16.153400
2.600000	-0.929676	13.090880
2.800000	1.518053	13.379970
3.000000	-0.058638	13.818840
3.200000	-0.503876	10.277680
3.400000	-0.082848	9.852460
3.600000	0.682333	13.005730
3.800000	0.227321	14.625260
4.000000	-0.324977	7.860494
4.200000	0.691327	11.158570
4.400000	1.034144	12.747370
4.600000	-0.634787	11.380250
4.800000	-0.271197	9.332653
5.000000	1.427261	14.486860
5.200000	1.080430	11.717650
5.400000	-1.530085	15.212970
5.600000	-0.367788	15.848070
5.800000	-0.459525	15.026640
6.000000	0.176587	14.718990
6.200000	-0.212500	12.403040
6.400000	-0.867257	12.550760
6.600000	0.103397	9.993956
6.800000	0.944543	12.664240
7.000000	0.087629	16.360700
7.200000	0.649654	11.771480
7.400000	2.117351	13.092740
7.600000	-0.251693	13.944100
7.800000	-1.052443	9.719092
8.000000	0.896314	12.624440
8.200000	-0.525898	12.283400
8.400000	-0.901135	14.275710
8.600000	1.551221	13.522820
8.800000	0.954121	12.485200
9.000000	-0.579536	14.214720
9.200000	1.579633	11.346950
9.400000	2.117895	12.182320
9.600000	0.663699	14.704280
9.800000	0.161791	12.705430
10.000000	-0.657150	11.750170
10.200000	-0.911667	15.257590
10.400000	1.343837	16.017820
10.600000	0.952527	9.092018
10.800000	0.591648	16.340150
11.000000	1.584025	15.466230
11.200000	1.698061	9.537956
11.400000	1.254019	12.079750
11.600000	0.645241	12.346600
11.800000	0.835828	15.232550
12.000000	0.575541	10.022980
12.200000	0.904324	11.572070
12.400000	-0.590610	10.717600
12.600000	-0.422540	12.617400
12.800000	0.674117	10.324920
13.000000	1.440749	11.345680
13.200000	0.978952	14.605860
13.400000	0.746025	11.559400
13.600000	-1.216707	13.260950
13.800000	-0.020341	13.739150
14.000000	-0.855139	15.349960
14.200000	-0.626512	15.663060
14.400000	1.188605	13.112660
14.600000	0.804369	14.175740
14.800000	0.104995	13.188420
15.000000	0.204765	15.033100
15.200000	0.596332	12.405290
15.400000	0.077701	13.884940
15.600000	0.772926	15.904230
15.800000	0.289782	15.626110
16.000000	-0.275662	11.825860
16.200000	-0.175001	13.221350
16.400000	-0.279790	12.972960
16.600000	0.620098	17.630130
16.800000	0.695008	13.189750
17.000000	-1.234070	12.868710
17.200000	1.793264	15.139370
17.400000	-0.797701	10.621490
17.600000	-0.780387	13.846170
17.800000	-1.322579	15.569910
18.000000	-0.365585	10.535840
18.200000	0.468994	11.372330
18.400000	0.860125	11.363720
18.600000	0.567745	14.460900
18.800000	0.183972	12.761460
19.000000	-1.282744	11.613290
19.200000	-0.163554	12.531710
19.400000	1.125073	16.719610
19.600000	0.987850	10.861790
19.800000	-0.924502	11.466110
20.000000	-0.793647	13.981090
20.200000	0.101693	13.579410
20.400000	0.533882	18.746250
20.600000	1.515013	14.919350
20.800000	0.582323	13.542650
21.000000	1.363179	12.297910
21.200000	1.772884	14.864690
21.400000	0.610021	17.014390
21.600000	-0.258675	13.846830
21.800000	-0.901411	12.595590
22.000000	-1.010855	16.924950
22.200000	0.263085	15.905820
22.400000	0.978985	12.371930
22.600000	0.688682	13.401000
22.800000	0.953174	15.724680
23.000000	0.356152	11.198350
23.200000	1.243215	10.449200
23.400000	0.480725	14.941710
23.600000	0.266316	9.949023
23.800000	0.154699	14.192260
24.000000	-0.348089	14.758870
24.200000	1.914235	16.552300
24.400000	1.157680	13.465290
24.600000	0.962938	13.695710
24.800000	-0.498863	13.927510
25.000000	-1.038780	15.293870
25.200000	-1.098767	13.018520
25.400000	0.461236	13.982840
25.600000	0.740324	12.649060
25.800000	-1.080848	13.217420
26.000000	-0.204329	12.108680
26.200000	-1.429687	12.922630
26.400000	0.278725	14.771400
26.600000	-0.361962	14.758040
26.800000	-1.160113	14.241470
27.000000	0.449402	17.456900
27.200000	-0.337641	13.692580
27.400000	0.852454	13.665450
27.600000	-0.768206	15.077480
27.800000	0.363687	12.657470
28.000000	0.821217	16.166800
28.200000	1.610790	13.261100
28.400000	1.312153	13.728400
28.600000	0.479955	10.205300
28.800000	-1.151150	14.923940
29.000000	-0.379948	14.004580
29.200000	0.380601	10.193650
29.400000	1.558163	16.189220
29.600000	1.340787	16.882780
29.800000	0.436348	12.088800
30.000000	0.548412	12.069340
30.200000	1.485632	12.781640
30.400000	0.123066	14.023440
30.600000	0.783306	11.431050
30.800000	0.052522	13.944520
31.000000	-0.022076	16.296420
31.200000	-0.311245	12.134520
31.400000	-0.445017	14.250890
31.600000	-0.199396	12.137800
31.800000	1.481220	17.318570
32.000000	0.392167	16.196370
32.200000	0.395153	11.430630
32.400000	-0.912467	16.088580
32.600000	-0.442713	15.782320
32.800000	-1.009319	14.650020
33.000000	-0.562157	14.921860
33.200000	-1.281407	14.425280
33.400000	-1.846420	16.391460
33.600000	-0.953663	15.193870
33.800000	-1.484561	16.611800
34.000000	-0.820861	16.550250
34.200000	0.555514	15.125510
34.400000	-0.049709	17.586170
34.600000	0.203967	13.025990
34.800000	0.993265	11.664820
35.000000	1.030533	11.595500
35.200000	-0.392490	13.786100
35.400000	-0.991776	16.284600
35.600000	-0.260935	11.670940
35.800000	1.025345	16.224010
36.000000	1.781499	15.659670
36.200000	-0.918260	14.100760
36.400000	-0.829078	11.995790
36.600000	0.079591	15.805460
36.800000	-1.314421	17.023180
37.000000	1.244723	15.685590
37.200000	1.163853	14.533960
37.400000	1.143642	14.979610
37.600000	1.081322	15.509120
37.800000	0.958498	12.485990
38.000000	-0.823389	14.276000
38.200000	-1.832994	14.730810
38.400000	-0.453389	14.067060
38.600000	-0.558468	14.066330
38.800000	0.998005	13.561970
39.000000	1.774554	14.569980
39.200000	-0.005178	13.422580
39.400000	1.104942	15.011120
39.600000	0.594107	14.498560
39.800000	-0.292104	12.482650
40.000000	-2.034603	17.179730
40.200000	-0.296784	15.598280
40.400000	-0.374228	11.234070
40.600000	0.587890	16.860770
40.800000	1.729371	16.015880
41.000000	0.649093	11.185180
41.200000	1.056546	14.836400
41.400000	0.240304	15.629180
41.600000	-0.257648	13.069300
41.800000	-0.198872	12.316420
42.000000	-1.035397	15.886430
42.200000	-0.164455	12.578190
42.400000	-0.512270	16.131050
42.600000	-0.454181	9.756849
42.800000	2.045980	12.713330
43.000000	-0.244792	12.779260
43.200000	-0.671400	15.319770
43.400000	-0.714395	13.008830
43.600000	-0.566336	12.531800
43.800000	-0.263769	13.772410
44.000000	0.329670	15.120380
44.200000	1.407535	12.484880
44.400000	-0.626987	14.192200
44.600000	-0.127871	17.012990
44.800000	0.428889	14.206100
45.000000	1.923348	12.650300
45.200000	0.619363	14.038040
45.400000	-0.068808	16.430850
45.600000	0.464493	14.154550
45.800000	-1.162244	13.908150
46.000000	0.510470	9.885694
46.200000	-1.032561	14.652960
46.400000	0.775324	15.400150
46.600000	0.081340	14.088940
46.800000	-0.346840	14.391340
47.000000	-0.092702	15.114640
47.200000	0.625675	12.310370
47.400000	0.045368	9.617745
47.600000	-0.600307	15.771600
47.800000	0.329431	15.126540
48.000000	-1.293141	15.203860
48.200000	-1.865387	14.201130
48.400000	-1.582597	13.810440
48.600000	-4.741886	17.613420
48.800000	-2.908754	14.165940
49.000000	-4.949577	14.348010
49.200000	-4.634097	15.483720
49.400000	-5.493634	14.938920
49.600000	-4.890538	13.977130
49.800000	-8.204965	14.400980
50.000000	-5.514903	17.030100
50.200000	-9.506747	14.416030
50.400000	-8.871581	13.774750
50.600000	-9.691845	13.185780
50.800000	-12.582810	13.342290
51.000000	-12.666870	12.137330
51.200000	-13.939130	16.174410
51.400000	-14.037360	14.083020
51.600000	-18.481650	13.237890
51.800000	-17.725790	16.721840
52.000000	-21.313620	16.181200
52.200000	-21.962960	13.880230
52.400000	-24.108710	15.952780
52.600000	-27.897850	19.556830
52.800000	-31.364180	16.108830
53.000000	-30.810670	15.312940
53.200000	-38.786090	14.516480
53.400000	-39.073200	14.681950
53.600000	-44.419790	16.299030
53.800000	-45.172500	13.825460
54.000000	-54.253450	14.942780
54.200000	-59.091380	14.297950
54.400000	-70.497180	16.334080
54.600000	-76.183760	15.476770
54.800000	-86.869330	10.871000
55.000000	-97.120170	14.886960
55.200000	-104.672000	16.378080
55.400000	-116.818200	12.730770
55.600000	-133.660200	17.504870
55.800000	-172.776300	12.409280
56.000000	-196.497000	15.366850
56.200000	-220.711200	15.898870
56.400000	-248.544300	18.218870
56.600000	-293.472200	12.200760
56.800000	-315.659800	15.247750
57.000000	-342.439000	12.819540
57.200000	-369.355900	15.833750
57.400000	-412.998000	14.949740
57.600000	-447.112100	12.632030
57.800000	-474.166300	14.722290
58.000000	-514.262000	18.073800
58.200000	-560.090000	15.599430
58.400000	-609.254400	15.721660
58.600000	-642.122200	10.803620
58.800000	-681.714600	16.741110
59.000000	-725.612600	14.162390
59.200000	-800.946900	15.236820
59.400000	-849.828700	14.546520
59.600000	-896.975500	9.884423
59.800000	-963.209800	14.661340
60.000000	-1034.199000	14.713200
60.000000	-1035.094000	15.597360
59.800000	-961.672200	15.214070
59.600000	-894.511900	16.070830
59.400000	-849.248200	12.876460
59.200000	-796.919300	16.556180
59.000000	-723.375500	14.823180
58.800000	-678.302700	14.566280
58.600000	-642.599100	14.984940
58.400000	-604.072600	13.834630
58.200000	-557.246000	16.169190
58.000000	-510.986600	16.129930
57.800000	-471.973700	18.682130
57.600000	-442.832900	12.149690
57.400000	-408.937600	15.026890
57.200000	-365.983800	12.619910
57.000000	-337.096200	15.439320
56.800000	-314.894300	11.280630
56.600000	-287.599400	13.573060
56.400000	-246.151100	17.607850
56.200000	-217.304900	14.707490
56.000000	-191.921900	14.070530
55.800000	-168.337300	16.305670
55.600000	-127.960000	16.307950
55.400000	-115.697400	12.594340
55.200000	-102.175700	16.062720
55.000000	-95.635840	14.648370
54.800000	-83.102920	15.038480
54.600000	-75.098370	16.074260
54.400000	-68.219800	14.244830
54.200000	-58.397350	13.661740
54.000000	-50.715520	15.621040
53.800000	-44.393060	16.787640
53.600000	-43.325860	14.000780
53.400000	-39.288800	13.461460
53.200000	-36.488430	15.467750
53.000000	-32.257150	15.031070
52.800000	-28.855180	15.714330
52.600000	-26.821740	14.732340
52.400000	-25.294450	11.349760
52.200000	-22.095480	16.459400
52.000000	-19.575670	17.215010
51.800000	-19.684060	15.727440
51.600000	-17.048620	15.974340
51.400000	-15.066710	15.134310
51.200000	-14.698240	13.828280
51.000000	-10.739450	16.674370
50.800000	-12.152210	14.819710
50.600000	-11.231900	14.653050
50.400000	-8.022385	16.066560
50.200000	-8.097633	14.305050
50.000000	-7.071556	14.782900
49.800000	-7.345129	16.471050
49.600000	-4.223628	14.628000
49.400000	-6.068936	17.284280
49.200000	-4.243445	17.734520
49.000000	-3.210121	11.233910
48.800000	-2.522121	14.708210
48.600000	-3.539218	17.799150
48.400000	-2.945385	17.208640
48.200000	-0.670166	14.879960
48.000000	-1.129390	15.825970
47.800000	-0.133964	14.241640
47.600000	0.310598	14.566720
47.400000	-0.909289	16.320010
47.200000	0.261913	15.881950
47.000000	0.281712	15.194830
46.800000	0.463918	11.275390
46.600000	0.452988	16.324460
46.400000	-0.634883	10.268110
46.200000	0.500171	17.706790
46.000000	-1.068718	16.454610
45.800000	1.018984	15.085420
45.600000	-0.312108	14.742090
45.400000	0.728311	16.915310
45.200000	-0.539908	17.514990
45.000000	0.513555	15.859510
44.800000	0.821577	15.152470
44.600000	1.261699	15.781700
44.400000	0.402885	16.615720
44.200000	-0.245103	15.868830
44.000000	0.135759	14.822240
43.800000	0.897526	17.435280
43.600000	0.800691	18.199650
43.400000	1.890197	15.745940
43.200000	-0.904348	14.873510
43.000000	0.675740	13.663470
42.800000	-1.258332	16.154780
42.600000	0.214484	14.808210
42.400000	-0.236954	17.638690
42.200000	-0.508124	12.532610
42.000000	0.131617	14.852910
41.800000	-0.174230	13.376710
41.600000	1.339452	17.287120
41.400000	0.827702	14.229770
41.200000	0.735637	11.815620
41.000000	-0.596966	15.615650
40.800000	-0.344542	17.565170
40.600000	0.529661	13.663270
40.400000	0.772350	13.778540
40.200000	1.430652	16.571010
40.000000	-1.240391	15.473400
39.800000	1.104895	15.411190
39.600000	-1.385250	15.903250
39.400000	1.493766	16.328950
39.200000	-0.357204	11.227490
39.000000	0.459523	15.869300
38.800000	-1.798588	15.812850
38.600000	0.198717	14.416460
38.400000	-0.157444	19.329170
38.200000	0.907143	16.239440
38.000000	-0.070401	14.294020
37.800000	0.033080	15.541390
37.600000	-0.002847	14.121110
37.400000	0.131159	15.037920
37.200000	-0.004644	16.632190
37.000000	0.060278	18.243910
36.800000	0.107167	14.889740
36.600000	1.896098	13.128150
36.400000	0.591904	17.278750
36.200000	-0.568604	14.004000
36.000000	0.667442	15.257180
35.800000	-0.713106	16.746790
35.600000	0.791413	14.536000
35.400000	0.260444	12.559110
35.200000	-0.277852	9.913641
35.000000	0.809873	12.936490
34.800000	0.627103	15.978540
34.600000	-0.733935	17.463570
34.400000	0.845942	14.509860
34.200000	-0.554412	14.601620
34.000000	0.534796	14.254590
33.800000	1.397196	12.382800
33.600000	-0.505581	17.439220
33.400000	0.471902	16.274020
33.200000	0.600381	14.799780
33.000000	1.407937	12.858480
32.800000	-1.056170	16.564430
32.600000	1.406122	12.029210
32.400000	-0.390385	16.460780
32.200000	1.475676	14.054180
32.000000	-1.425404	17.576110
31.800000	1.288908	14.425220
31.600000	-0.025932	15.583560
31.400000	1.324104	17.769720
31.200000	-0.088880	13.615670
31.000000	1.635417	16.340500
30.800000	1.021928	17.461780
30.600000	-0.468510	14.247110
30.400000	1.704036	16.866340
30.200000	-0.571312	15.207630
30.000000	1.055620	12.710580
29.800000	-0.196675	15.554560
29.600000	0.399119	12.052570
29.400000	0.276563	12.971620
29.200000	0.299446	14.753990
29.000000	1.532097	18.707200
28.800000	-1.898365	16.147640
28.600000	-0.429817	15.291580
28.400000	1.167239	14.990120
28.200000	-0.633437	13.736840
28.000000	1.790216	16.728460
27.800000	-0.696707	14.352620
27.600000	-0.363762	15.072620
27.400000	-0.932716	14.017830
27.200000	1.021523	15.934440
27.000000	0.193903	11.008200
26.800000	1.395579	16.853470
26.600000	-0.386180	14.655600
26.400000	-0.837640	13.841270
26.200000	-0.723087	14.227800
26.000000	1.523099	13.657520
25.800000	-0.737235	15.740490
25.600000	1.697824	19.445460
25.400000	-0.732678	15.514180
25.200000	1.581546	15.322590
25.000000	-1.555677	17.050130
24.800000	0.940758	17.012120
24.600000	1.113867	16.041680
24.400000	-0.924322	17.492210
24.200000	0.578096	11.136210
24.000000	-1.215675	13.042740
23.800000	0.311802	14.655910
23.600000	-1.441069	16.032340
23.400000	1.955797	12.871460
23.200000	-0.213830	10.019510
23.000000	-0.131400	16.701590
22.800000	-0.190302	13.056040
22.600000	0.967498	13.618840
22.400000	-0.729312	12.213260
22.200000	1.084993	12.746820
22.000000	0.056235	11.941440
21.800000	1.013242	10.925710
21.600000	0.043954	9.812630
21.400000	0.574735	17.743920
21.200000	0.062029	16.894760
21.000000	0.129448	14.981930
20.800000	0.822648	10.441890
20.600000	0.813754	15.070800
20.400000	0.100300	14.126930
20.200000	1.115923	17.369340
20.000000	-0.587320	16.038000
19.800000	1.706624	19.297530
19.600000	-1.469930	11.777850
19.400000	1.209806	12.724210
19.200000	0.469813	12.891100
19.000000	1.567891	15.242220
18.800000	-0.921932	13.379340
18.600000	-0.097671	18.597650
18.400000	-0.920451	12.818700
18.200000	-0.813473	10.968020
18.000000	-0.439237	11.746260
17.800000	1.904398	22.684540
17.600000	-1.277873	13.498490
17.400000	1.289046	17.187720
17.200000	-0.133140	12.866600
17.000000	1.392985	15.319800
16.800000	-1.361139	13.902290
16.600000	1.399488	14.639500
16.400000	-0.178840	16.911220
16.200000	0.145452	12.040130
16.000000	0.100928	12.814320
15.800000	-0.107673	11.855910
15.600000	1.192056	10.399480
15.400000	-0.486369	16.704700
15.200000	-1.428531	19.352420
15.000000	-0.259806	15.537170
14.800000	0.953458	14.418810
14.600000	-0.421019	17.432190
14.400000	-0.031805	8.534770
14.200000	0.198789	11.092970
14.000000	1.403341	11.994340
13.800000	-1.072795	13.314480
13.600000	0.237368	16.726010
13.400000	0.242413	14.362870
13.200000	1.508178	11.554570
13.000000	-0.808149	12.469160
12.800000	2.627882	18.954570
12.600000	-0.673490	13.580040
12.400000	0.814044	16.928040
12.200000	-2.944353	16.906330
12.000000	2.047286	14.764940
11.800000	0.489216	12.555540
11.600000	-0.251217	12.446810
11.400000	0.390617	12.108380
11.200000	0.008421	11.260750
11.000000	-0.596088	9.900266
10.800000	1.274525	17.192090
10.600000	-1.532415	19.846530
10.400000	0.745302	14.640540
10.200000	0.630228	10.858540
10.000000	-0.551346	14.068320
9.800000	1.225527	12.118530
9.600000	-0.958737	11.012520
9.400000	0.261652	13.247370
9.200000	-1.684575	12.403560
9.000000	0.818738	15.020360
8.800000	1.216891	13.202440
8.600000	0.280840	14.119720
8.400000	-0.149253	13.596450
8.200000	0.014564	10.481130
8.000000	-1.331846	9.910496
7.800000	1.260149	10.302230
7.600000	-1.286932	10.919810
7.400000	0.564328	13.564600
7.200000	-0.794578	13.204370
7.000000	0.394245	12.223220
6.800000	0.393352	17.267320
6.600000	-1.173026	14.274450
6.400000	0.190363	16.351500
6.200000	-2.095143	14.205900
6.000000	0.144940	14.638650
5.800000	0.609017	12.087950
5.600000	-0.872699	8.988294
5.400000	1.068399	12.124230
5.200000	-0.184361	11.370250
5.000000	-0.707132	11.311690
4.800000	-0.456192	15.258590
4.600000	1.645090	13.246500
4.400000	-0.495877	7.837554
4.200000	0.361998	14.917960
4.000000	-0.587790	13.305410
3.800000	-0.707865	16.051120
3.600000	1.411131	17.080680
3.400000	0.015499	17.511250
3.200000	1.718563	13.327050
3.000000	-0.889781	13.086740
2.800000	0.672729	11.584000
2.600000	-1.123484	16.583500
2.400000	1.801198	14.302340
2.200000	-1.121798	14.893190
2.000000	0.759810	16.794890
1.800000	-0.561076	11.251670
1.600000	0.700763	13.988070
1.400000	-0.613163	13.306850
1.200000	-0.725340	13.874360
1.000000	-0.638499	11.550670
0.800000	1.550065	13.353530
0.600000	-0.517609	12.215160
0.400000	1.632037	13.545370
0.200000	-0.818745	12.084650
0.000000	2.896352	13.089050
