#lab INRiM
#hv keithley6487
#s CNTArO2Etching_Strongnew
#t 300
#d 0.5
#N 20
#dbm 2
#
#Voltage	Temperature	Current	SD
#V	pA	pA
20.000000	0.130309	0.118808
20.100000	0.139095	0.115098
20.200000	0.131405	0.109807
20.300000	0.141952	0.130867
20.400000	0.154579	0.111021
20.500000	0.143472	0.135214
20.600000	0.159574	0.100283
20.700000	0.137980	0.118468
20.800000	0.154112	0.134013
20.900000	0.140838	0.125175
21.000000	0.145184	0.126487
21.100000	0.144212	0.109417
21.200000	0.152764	0.124498
21.300000	0.142226	0.123002
21.400000	0.135325	0.135765
21.500000	0.152288	0.124316
21.600000	0.155692	0.134010
21.700000	0.156908	0.120663
21.800000	0.149967	0.124694
21.900000	0.157892	0.112946
22.000000	0.146269	0.116186
22.100000	0.153271	0.104327
22.200000	0.147749	0.120424
22.300000	0.151438	0.111396
22.400000	0.146917	0.124474
22.500000	0.149055	0.133829
22.600000	0.151102	0.125634
22.700000	0.157557	0.136668
22.800000	0.157942	0.103919
22.900000	0.150535	0.119409
23.000000	0.161215	0.127343
23.100000	0.148873	0.116538
23.200000	0.162998	0.126112
23.300000	0.153544	0.135265
23.400000	0.159270	0.113291
23.500000	0.150373	0.132636
23.600000	0.152288	0.126017
23.700000	0.143726	0.114632
23.800000	0.155277	0.116720
23.900000	0.150961	0.126990
24.000000	0.150302	0.118881
24.100000	0.155996	0.131724
24.200000	0.150251	0.125746
24.300000	0.159310	0.118773
24.400000	0.152480	0.126089
24.500000	0.156351	0.116429
24.600000	0.151184	0.125438
24.700000	0.155084	0.116183
24.800000	0.157598	0.129195
24.900000	0.157456	0.124638
25.000000	0.165004	0.123929
25.100000	0.158186	0.119684
25.200000	0.160840	0.116775
25.300000	0.143148	0.118617
25.400000	0.161731	0.120174
25.500000	0.163293	0.121967
25.600000	0.144526	0.115264
25.700000	0.152855	0.115398
25.800000	0.138163	0.111892
25.900000	0.165188	0.110906
26.000000	0.156381	0.117282
26.100000	0.165744	0.111856
26.200000	0.143766	0.116101
26.300000	0.150120	0.124906
26.400000	0.141132	0.119450
26.500000	0.163080	0.108792
26.600000	0.140979	0.121325
26.700000	0.168399	0.120925
26.800000	0.145307	0.116218
26.900000	0.135974	0.114525
27.000000	0.145975	0.123541
27.100000	0.153615	0.127939
27.200000	0.150433	0.125436
27.300000	0.147019	0.115994
27.400000	0.155753	0.131046
27.500000	0.145995	0.122145
27.600000	0.159341	0.100132
27.700000	0.163890	0.134521
27.800000	0.158743	0.106814
27.900000	0.154730	0.120427
28.000000	0.155844	0.113348
28.100000	0.146928	0.104473
28.200000	0.158925	0.123874
28.300000	0.156189	0.113733
28.400000	0.151892	0.115168
28.500000	0.161620	0.111374
28.600000	0.147374	0.112816
28.700000	0.165552	0.107382
28.800000	0.152318	0.119305
28.900000	0.158207	0.098157
29.000000	0.146057	0.109743
29.100000	0.162016	0.112602
29.200000	0.150514	0.118005
29.300000	0.165115	0.130050
29.400000	0.153230	0.131209
29.500000	0.153322	0.109624
29.600000	0.143857	0.128585
29.700000	0.150879	0.131689
29.800000	0.151721	0.118678
29.900000	0.145833	0.118263
30.000000	0.148670	0.129317
30.100000	0.154081	0.116350
30.200000	0.150242	0.100687
30.300000	0.142186	0.110948
30.400000	0.165116	0.122995
30.500000	0.149541	0.129064
30.600000	0.160851	0.110640
30.700000	0.147404	0.122772
30.800000	0.149359	0.135712
30.900000	0.151437	0.119540
31.000000	0.154922	0.128215
31.100000	0.145722	0.129061
31.200000	0.147870	0.123941
31.300000	0.150525	0.121748
31.400000	0.142509	0.130704
31.500000	0.149684	0.129823
31.600000	0.151295	0.120291
31.700000	0.160313	0.112540
31.800000	0.153888	0.134621
31.900000	0.157577	0.124063
32.000000	0.147303	0.122016
32.100000	0.159664	0.131531
32.200000	0.151933	0.117971
32.300000	0.151295	0.117966
32.400000	0.147992	0.110102
32.500000	0.162391	0.112075
32.600000	0.156321	0.116321
32.700000	0.154628	0.123086
32.800000	0.156493	0.129807
32.900000	0.153413	0.110969
33.000000	0.146492	0.125225
33.100000	0.152004	0.119763
33.200000	0.157527	0.121914
33.300000	0.148498	0.125413
33.400000	0.160557	0.123149
33.500000	0.147495	0.120465
33.600000	0.157182	0.126557
33.700000	0.144263	0.122950
33.800000	0.148641	0.116503
33.900000	0.151255	0.120281
34.000000	0.165156	0.116294
34.100000	0.146765	0.124569
34.200000	0.155652	0.128995
34.300000	0.150627	0.113704
34.400000	0.148214	0.123664
34.500000	0.148498	0.123745
34.600000	0.155308	0.106706
34.700000	0.141132	0.122675
34.800000	0.154203	0.122394
34.900000	0.149917	0.115759
35.000000	0.155926	0.109748
35.100000	0.150414	0.124457
35.200000	0.156220	0.128352
35.300000	0.148092	0.126422
35.400000	0.153118	0.125052
35.500000	0.139997	0.123637
35.600000	0.152005	0.123434
35.700000	0.143777	0.117898
35.800000	0.150859	0.128130
35.900000	0.150625	0.131003
36.000000	0.150565	0.118407
36.100000	0.150252	0.118087
36.200000	0.156280	0.124774
36.300000	0.152267	0.119955
36.400000	0.159300	0.118210
36.500000	0.143958	0.123758
36.600000	0.143868	0.108889
36.700000	0.149177	0.123626
36.800000	0.154943	0.121979
36.900000	0.153028	0.121176
37.000000	0.137940	0.114894
37.100000	0.145863	0.127834
37.200000	0.145367	0.124546
37.300000	0.152277	0.135334
37.400000	0.144618	0.121040
37.500000	0.150951	0.116481
37.600000	0.146278	0.130728
37.700000	0.139560	0.134012
37.800000	0.155480	0.121864
37.900000	0.156169	0.127044
38.000000	0.157606	0.147413
38.100000	0.142499	0.120228
38.200000	0.158429	0.117947
38.300000	0.148458	0.124723
38.400000	0.156311	0.108467
38.500000	0.153615	0.120737
38.600000	0.162806	0.100800
38.700000	0.142783	0.121196
38.800000	0.142207	0.103277
38.900000	0.137383	0.112339
39.000000	0.156695	0.124892
39.100000	0.152298	0.126139
39.200000	0.149198	0.109471
39.300000	0.148386	0.129348
39.400000	0.150463	0.123327
39.500000	0.166423	0.128265
39.600000	0.155734	0.113812
39.700000	0.158266	0.128922
39.800000	0.147008	0.123526
39.900000	0.145752	0.118917
40.000000	0.139015	0.107401
40.100000	0.149147	0.111402
40.200000	0.136501	0.115698
40.300000	0.151275	0.121838
40.400000	0.142105	0.130049
40.500000	0.149157	0.121102
40.600000	0.145154	0.126543
40.700000	0.148640	0.126791
40.800000	0.152288	0.127242
40.900000	0.147363	0.141336
41.000000	0.160028	0.134384
41.100000	0.138629	0.120788
41.200000	0.157182	0.145075
41.300000	0.150251	0.127743
41.400000	0.157425	0.130308
41.500000	0.148691	0.130275
41.600000	0.147303	0.112231
41.700000	0.142145	0.122785
41.800000	0.161731	0.123903
41.900000	0.144973	0.113577
42.000000	0.153342	0.129448
42.100000	0.141233	0.130821
42.200000	0.145528	0.139033
42.300000	0.149613	0.119360
42.400000	0.153565	0.135473
42.500000	0.150170	0.121729
42.600000	0.140057	0.122045
42.700000	0.152896	0.116437
42.800000	0.144791	0.111151
42.900000	0.154061	0.128450
43.000000	0.130127	0.121152
43.100000	0.156189	0.115963
43.200000	0.138660	0.113879
43.300000	0.153676	0.120140
43.400000	0.146157	0.126073
43.500000	0.145530	0.113603
43.600000	0.157648	0.118191
43.700000	0.140139	0.118747
43.800000	0.150676	0.121463
43.900000	0.145418	0.122159
44.000000	0.146775	0.126084
44.100000	0.147921	0.129897
44.200000	0.152196	0.137062
44.300000	0.143199	0.112842
44.400000	0.143725	0.119813
44.500000	0.147597	0.122496
44.600000	0.134271	0.123675
44.700000	0.150718	0.119428
44.800000	0.143644	0.121598
44.900000	0.154497	0.125110
45.000000	0.154710	0.125981
45.100000	0.157547	0.122726
45.200000	0.137007	0.117651
45.300000	0.145551	0.109981
45.400000	0.162482	0.110756
45.500000	0.151356	0.130834
45.600000	0.141901	0.129204
45.700000	0.142327	0.123610
45.800000	0.137799	0.112709
45.900000	0.135538	0.131473
46.000000	0.143999	0.124533
46.100000	0.144131	0.118391
46.200000	0.146643	0.120599
46.300000	0.137656	0.122344
46.400000	0.154092	0.118462
46.500000	0.151680	0.114848
46.600000	0.148336	0.129253
46.700000	0.142652	0.114429
46.800000	0.141365	0.122239
46.900000	0.151123	0.105332
47.000000	0.142358	0.118610
47.100000	0.155703	0.116232
47.200000	0.146087	0.118286
47.300000	0.129702	0.105002
47.400000	0.155500	0.119883
47.500000	0.144860	0.121769
47.600000	0.157618	0.117893
47.700000	0.129469	0.118926
47.800000	0.140644	0.130960
47.900000	0.143441	0.128000
48.000000	0.157030	0.120983
48.100000	0.148113	0.126168
48.200000	0.144566	0.123073
48.300000	0.152086	0.123857
48.400000	0.125152	0.124636
48.500000	0.072390	0.116351
48.600000	0.149329	0.116275
48.700000	0.131596	0.127154
48.800000	0.134829	0.125703
48.900000	0.134961	0.128583
49.000000	0.149430	0.126972
49.100000	0.145205	0.124032
49.300000	0.143199	0.118448
49.400000	0.136846	0.111733
49.500000	0.141020	0.115003
49.600000	0.130695	0.122175
49.700000	0.143948	0.130303
49.800000	0.128181	0.129557
49.900000	0.135518	0.112803
50.000000	0.142327	0.122505
50.100000	0.118717	0.123730
50.200000	0.126206	0.115986
50.300000	0.111534	0.113872
50.400000	0.097023	0.119398
50.500000	-0.577202	0.274732
50.600000	-0.296728	0.114216
50.700000	-0.348672	0.138349
50.800000	-0.400292	0.124915
50.900000	-0.015698	0.149935
51.000000	0.003666	0.117347
51.100000	-0.000073	0.129658
51.200000	-0.242920	0.189862
51.300000	-0.323065	0.171736
51.400000	-0.196468	0.176891
51.500000	-0.213917	0.176068
51.600000	-0.396887	0.158493
51.700000	-0.219633	0.119813
51.800000	-0.320187	0.111639
51.900000	-0.288266	0.143750
52.000000	-0.282186	0.141119
52.100000	-0.351651	0.121911
52.200000	-0.148374	0.133688
52.300000	-0.142639	0.123037
52.400000	-0.314492	0.179704
52.500000	-0.397870	0.131843
52.600000	-0.460687	0.102474
52.700000	-0.263987	0.133549
52.800000	-0.641042	0.230442
52.900000	-0.970662	0.156342
53.000000	-1.106135	0.117022
53.100000	-1.130557	0.166390
53.200000	-1.290402	0.135546
53.300000	-1.149517	0.151798
53.400000	-0.955300	0.244386
53.500000	-1.026284	0.157385
53.600000	-1.317114	0.151836
53.700000	-1.918776	0.469768
53.800000	-3.061755	0.328984
53.900000	-2.132632	0.725388
54.000000	-1.664609	0.700060
54.100000	-2.480147	0.250778
54.200000	-2.527035	0.509746
54.300000	-1.729240	0.323088
54.400000	-1.808474	0.484072
54.500000	-1.869183	0.215483
54.600000	-1.932567	0.359490
54.700000	-1.910304	0.671238
54.800000	-2.017668	0.277725
54.900000	-2.925288	0.513219
55.000000	-2.728467	0.525752
55.100000	-2.616209	0.525385
55.200000	-2.750183	0.426116
55.300000	-3.251028	0.584268
55.400000	-3.491494	0.605752
55.500000	-3.432852	0.279043
55.600000	-4.399237	1.327846
55.700000	-4.908481	1.246699
55.800000	-49.623700	23.472210
55.900000	-61.718460	7.515467
56.000000	-64.236890	5.321362
56.100000	-71.533330	7.261529
56.200000	-72.058270	6.131779
56.300000	-78.128670	5.815347
56.400000	-84.315020	8.828413
56.500000	-119.174300	47.207400
56.600000	-31.982940	29.597930
56.700000	-105.399800	31.254980
56.800000	-112.630500	23.293430
56.900000	-96.634100	40.274150
57.000000	-128.935800	53.435250
57.100000	-1693.274000	1725.127000
57.200000	-581.778300	944.630700
57.300000	-499.432100	77.864240
57.400000	-582.612600	203.180800
57.500000	-583.971500	75.743040
57.600000	-575.622500	100.749900
57.700000	-557.163500	62.998240
57.800000	-604.102800	87.665960
57.900000	-581.787700	195.793600
58.000000	-485.875800	66.536380
