#LAB: INRiM
#s CNTArO2Etching_N1new
#t 2.7
#d 0.5
#V -58
#
#Time	Current
#s	pA	0.000000	-0.875327
1.036099	-0.802163
2.036300	-0.990241
3.036338	-1.115087
4.035858	-1.068675
5.037286	-0.782909
6.038058	-1.071107
7.038280	-0.966123
8.037869	-0.874922
9.039534	-0.988011
10.040623	-1.031383
11.039892	-1.039895
12.039639	-0.973014
13.040246	-1.089955
14.039752	-0.978081
15.039927	-1.021655
16.039686	-0.966529
17.040298	-0.974432
18.039915	-0.836819
19.040106	-1.118734
20.040318	-1.105763
21.040429	-1.088131
22.040025	-1.074349
23.039714	-1.028140
24.039855	-1.173658
25.040336	-1.044354
26.040884	-1.022465
27.041358	-0.957206
28.040688	-1.017399
29.042552	-1.067863
30.042314	-1.105763
31.041914	-1.043949
32.042560	-0.939370
33.041895	-0.945856
34.042065	-1.110019
35.043535	-1.117721
36.042922	-1.036449
37.044396	-0.980918
38.044646	-0.957813
39.044736	-1.089346
40.045416	-1.136366
41.044815	-1.114275
42.046461	-0.846547
43.045914	-0.919306
44.046700	-1.179738
45.046797	-1.122585
46.046795	-1.131907
47.046814	-0.942816
48.046821	-1.042327
49.048147	-1.109613
50.049547	-1.139406
51.048970	-1.193519
52.048669	-0.863571
53.050262	-0.894175
54.050257	-0.979297
55.050250	-1.203045
56.050992	-1.221691
57.050979	-0.925183
58.051312	-0.973216
59.051254	-1.081037
60.050841	-1.230811
61.051476	-1.140622
62.051355	-1.046786
63.051022	-0.919306
64.050796	-0.833981
65.051178	-1.172847
66.050699	-1.149134
67.051118	-0.983553
68.051596	-0.997739
69.051973	-1.013547
70.053590	-0.917279
71.054527	-1.310460
72.053991	-1.026923
73.054027	-0.989227
74.054541	-0.999158
75.054323	-1.055298
76.054517	-1.203247
77.054080	-0.892148
78.053971	-0.963488
79.054447	-1.073335
80.054738	-1.106573
81.055115	-1.133731
82.054985	-0.920724
83.056122	-0.893364
84.057389	-1.047393
85.056640	-1.193518
86.057213	-1.062796
87.057441	-1.062391
88.058505	-0.974229
89.058115	-0.948489
90.057891	-1.121368
91.058417	-1.201423
92.058329	-1.092588
93.057868	-1.000374
94.057979	-1.037665
95.059049	-1.253509
96.059140	-1.295056
97.059067	-1.030976
98.059343	-0.954164
99.060303	-0.958218
100.060188	-1.109410
101.060084	-1.111639
102.059834	-1.147309
103.060197	-1.043136
104.060326	-0.971796
105.060348	-1.039286
106.059898	-1.103330
107.059793	-1.111031
108.059736	-0.977066
109.060150	-0.920319
110.059935	-1.020235
111.059965	-1.168184
112.059999	-1.179331
113.060639	-1.005845
114.062259	-0.856275
115.062356	-1.018005
116.061635	-1.015776
117.062539	-0.965514
118.062518	-1.058539
119.062303	-1.029963
120.061775	-1.144674
121.062523	-1.071713
122.061681	-1.043137
123.062462	-0.881001
124.061765	-1.071308
125.062402	-1.115287
126.062680	-1.149336
127.064590	-1.132311
128.064413	-0.984767
129.064147	-1.039286
130.063883	-1.137987
131.064167	-1.501374
132.064467	-0.795473
133.065568	-1.025504
134.065650	-1.249455
135.066282	-0.881203
136.066356	-1.230404
137.066373	-1.044960
138.065986	-0.977066
139.066281	-1.177709
140.066420	-1.178926
141.065942	-1.190072
142.066251	-1.035840
143.067386	-1.033408
144.067676	-1.067457
145.068529	-0.899849
146.068580	-1.162915
147.068593	-1.077185
148.068644	-1.121975
149.069394	-0.954366
150.068839	-1.082049
151.069051	-1.157443
152.068961	-1.041920
153.069337	-1.165752
154.070468	-1.105762
155.070053	-1.031787
156.070416	-1.185006
157.070345	-1.070902
158.069808	-1.119340
159.070023	-1.022666
160.070596	-0.861746
161.069952	-1.145079
162.070527	-1.091979
163.069705	-1.200813
164.070983	-0.915251
165.070693	-0.980511
166.070694	-1.051243
167.070748	-1.122989
168.070673	-1.133932
169.071337	-1.194531
170.070744	-0.846546
171.071321	-0.971796
172.070646	-1.169805
173.070947	-1.159671
174.071272	-1.021855
175.071057	-1.024085
176.072561	-0.986591
177.072413	-0.997535
178.072516	-1.081643
179.073362	-1.091371
180.074407	-0.901470
181.074005	-0.998143
182.074260	-1.069078
183.073831	-1.271140
184.075306	-1.089547
185.076266	-1.093601
186.075845	-1.013140
187.075860	-1.090155
188.076606	-1.183181
189.075789	-0.997535
190.076108	-0.843505
191.076241	-0.947272
192.075805	-1.101302
193.076709	-1.230200
194.076826	-1.140417
195.077207	-0.986996
196.077783	-0.837628
197.079535	-1.007465
198.079249	-1.106166
199.079045	-1.210947
200.078979	-1.036650
201.079231	-0.961257
202.080558	-1.082656
203.080810	-1.213379
204.081134	-1.215405
205.080894	-0.969364
206.080717	-1.017397
207.080674	-1.132108
208.082277	-1.113057
209.082471	-1.046783
210.082556	-0.849991
211.082487	-0.905523
212.081766	-1.236889
213.082330	-1.214594
214.083570	-1.111030
215.084506	-0.851004
216.084656	-1.001588
217.085193	-1.110827
218.086302	-0.983348
219.086394	-1.410779
220.085844	-0.979091
221.085635	-0.867825
222.087456	-1.065226
223.086670	-1.098464
224.086743	-1.109611
225.087377	-0.963486
226.088554	-1.137174
227.088281	-1.038676
228.087864	-1.151767
229.088138	-1.277625
230.087660	-0.813510
231.088014	-0.899036
232.089613	-1.102720
233.088923	-1.266072
234.089788	-1.258168
235.090524	-0.985172
236.090405	-0.915453
237.091280	-1.060768
238.090734	-1.252696
239.091259	-1.099275
240.092512	-0.897820
241.092069	-1.053065
242.092629	-1.058335
243.091746	-1.267896
244.092448	-1.291608
245.093326	-0.969565
246.093294	-0.982739
247.092764	-0.948488
248.092935	-1.201826
249.092982	-1.263235
250.094567	-0.910386
251.094306	-0.971187
252.094630	-0.951122
253.093707	-1.095424
254.094132	-1.255533
255.094608	-0.972808
256.094663	-1.028542
257.095070	-1.032799
258.094676	-1.079210
259.096700	-1.161697
260.097382	-1.062591
261.097103	-1.007464
262.098576	-1.121162
263.097853	-1.092586
264.098618	-1.119947
265.098584	-1.065023
266.097672	-1.064212
267.098285	-0.927005
268.098598	-1.126432
269.099111	-1.298905
270.100190	-1.012532
271.100179	-0.955581
272.100950	-0.975443
273.101239	-1.128865
274.101149	-1.018003
275.101069	-1.170209
276.100648	-0.877553
277.102097	-0.880796
278.101952	-1.150145
279.102572	-1.153590
280.102293	-1.013950
281.103110	-0.884241
282.102642	-0.970174
283.102827	-0.995507
284.103178	-1.273571
285.102755	-1.092991
286.104070	-0.985374
287.104463	-0.751898
288.104151	-1.117109
289.103662	-1.088330
290.103680	-0.957811
291.105336	-0.997331
292.106132	-1.036041
293.107389	-1.132107
294.107185	-1.158656
295.106696	-1.013545
296.106953	-0.778245
297.107351	-0.933693
298.108482	-1.101706
299.109342	-1.177504
300.110460	-1.071103
301.110051	-0.930450
302.110034	-1.046378
303.110298	-1.097855
304.109704	-1.147307
305.110209	-1.122784
306.110132	-0.918898
307.110919	-0.952339
308.111497	-0.919303
309.111681	-1.088735
310.111691	-1.426789
311.112138	-1.191894
312.111917	-1.068063
313.113116	-1.004222
314.114575	-1.087114
315.114159	-1.070495
316.114497	-0.987197
317.113883	-1.001790
318.115097	-1.133931
319.116522	-1.033204
320.116651	-1.080020
321.117224	-0.900252
322.118535	-0.941394
323.118061	-1.116298
324.118025	-1.135349
325.117917	-1.099476
326.118351	-0.993886
327.117658	-1.040905
328.119361	-1.037662
329.120571	-1.083668
330.119647	-0.986386
331.120021	-0.941596
332.120332	-0.601719
333.121558	-0.973010
334.121293	-1.179936
335.121986	-1.048201
336.122371	-1.116298
337.123552	-0.931057
338.122797	-0.951527
339.123085	-1.255735
340.124557	-1.123189
341.124496	-1.116501
342.124556	-0.999965
343.124059	-0.982941
344.123802	-1.011720
345.124259	-1.221889
346.124428	-1.160682
347.125588	-0.910993
348.124935	-0.785946
349.125084	-1.043134
350.125380	-1.009288
351.124831	-1.036851
352.124912	-1.020637
353.125529	-0.933084
354.126446	-1.070089
355.126249	-1.115893
356.126564	-1.081641
357.125684	-0.899847
358.127400	-1.056713
359.127567	-0.981927
360.126791	-1.134335
361.126811	-1.156427
362.126717	-1.044958
363.126779	-1.029555
364.126647	-1.013138
365.126737	-1.057726
366.128596	-1.026718
367.128321	-1.162304
368.129004	-1.070494
369.128839	-1.025096
370.128967	-1.183381
371.129353	-0.954770
372.128631	-0.947676
373.128830	-0.918897
374.129105	-1.088937
375.128678	-0.997330
376.130535	-1.055902
377.129759	-0.973212
378.130045	-0.859110
379.131238	-0.970983
380.131379	-1.104948
381.130895	-1.057726
382.132395	-1.232428
383.131765	-0.874309
384.132349	-0.928827
385.131788	-1.154197
386.133612	-1.056510
387.133183	-1.082249
388.132967	-0.841477
389.134278	-0.862352
390.135139	-1.165952
391.135491	-1.123999
392.135444	-1.246007
393.135462	-1.071913
394.134995	-1.077385
395.135425	-1.152981
396.135207	-1.085289
397.136607	-1.100895
398.136446	-0.893563
399.136024	-1.165343
400.136129	-1.127039
401.135643	-1.083060
402.136008	-1.032392
403.136576	-0.933489
404.136668	-1.021853
405.137052	-1.044552
406.137152	-1.096436
407.136727	-1.160074
408.138398	-0.972199
409.139283	-0.834992
410.138950	-1.045768
411.138955	-1.197771
412.139307	-1.323224
413.138641	-1.124607
414.138721	-0.901872
415.140235	-1.072318
416.140965	-1.243574
417.141362	-1.171424
418.142066	-0.848368
419.142276	-1.007464
420.143311	-1.040296
421.143110	-1.070899
422.143108	-1.185610
423.143228	-0.980306
424.142661	-1.104137
425.144435	-1.128457
426.144149	-1.088937
427.145126	-1.115487
428.144704	-0.776014
429.144631	-1.042526
430.144950	-1.141022
431.145277	-1.137375
432.145169	-1.143050
433.145300	-0.865594
434.145646	-0.993884
435.146928	-1.195743
436.146756	-1.247830
437.147478	-1.235062
438.148479	-0.871269
439.149597	-1.181354
440.149143	-1.010301
441.148986	-1.142846
442.149066	-1.236480
443.150530	-1.206080
444.151396	-1.065629
445.151633	-1.061779
446.152246	-1.149535
447.151636	-1.127646
448.153586	-1.072318
449.153523	-1.052456
450.153030	-1.018813
451.152930	-1.140617
452.153205	-1.307617
453.153002	-0.994898
454.152814	-0.874917
455.153335	-1.215605
456.154572	-1.196756
457.154082	-1.212970
458.153730	-0.911803
459.154172	-0.914640
460.153990	-1.068466
461.153708	-1.340855
462.155207	-1.275595
463.156460	-0.957403
464.156183	-1.008882
465.155632	-1.099272
466.155665	-1.109406
467.155841	-1.247221
468.155831	-1.098057
469.157549	-0.929030
470.157495	-1.097854
471.157831	-0.957404
472.159517	-1.184799
473.158836	-1.015772
474.159431	-1.028541
475.159828	-1.094206
476.161551	-1.105352
477.162574	-1.153588
478.163191	-1.077384
479.163277	-0.892144
480.163791	-1.038269
481.163663	-1.188244
482.164204	-1.172436
483.164433	-1.067251
484.164059	-0.941595
485.164289	-0.763651
486.163983	-1.147305
487.164209	-1.015975
488.163706	-1.112243
489.164555	-1.004423
490.163830	-1.051645
491.163858	-1.176287
492.165480	-1.097853
493.165084	-1.175476
494.164887	-0.892549
495.164782	-0.898426
496.166339	-1.162910
497.167224	-1.190879
498.167052	-1.163113
499.167059	-0.976657
500.166956	-1.130483
501.166740	-1.046983
502.167118	-1.246613
503.166656	-1.249653
504.168351	-1.003612
505.169568	-0.939974
506.169226	-1.092179
507.169215	-1.036444
508.168969	-1.122377
509.169598	-1.072115
510.169175	-1.009692
511.168750	-1.025095
512.170434	-1.114270
513.171493	-1.075155
514.172630	-0.983143
515.173499	-1.192095
516.172987	-1.066642
517.172663	-1.111026
518.173301	-1.113864
519.173035	-1.100488
520.174310	-0.992262
521.174202	-0.979291
522.174435	-1.180948
523.173834	-1.011516
524.175528	-1.014556
525.175410	-1.070696
526.175494	-0.973414
527.174682	-1.151561
528.174871	-1.185407
529.174865	-0.941189
530.175007	-0.938960
531.175453	-1.130078
532.174890	-1.049010
533.175368	-1.199796
534.175646	-1.116296
535.176045	-0.910181
536.175665	-0.833369
537.176013	-1.188852
538.177000	-1.040498
539.177521	-1.007665
540.178391	-1.054279
541.179246	-1.057319
542.178968	-1.025298
543.178781	-1.118525
544.178667	-1.090354
545.179100	-1.026919
546.179298	-0.979291
547.178851	-1.216820
548.179079	-1.141630
549.179438	-1.224927
550.178632	-1.150142
551.179027	-0.971184
552.179593	-1.120552
553.179286	-1.130280
554.178923	-1.069074
555.178771	-0.921327
556.178845	-1.173854
557.178975	-1.060765
558.179679	-1.077383
559.179676	-1.190676
560.181083	-1.031985
561.180795	-1.029148
562.180767	-1.081640
563.182580	-1.205065
564.182317	-1.045767
565.182135	-1.081437
566.181798	-0.925179
567.183345	-1.032593
568.182785	-1.123998
569.184169	-1.257962
570.183823	-1.102514
571.184523	-0.977670
572.183783	-1.120349
573.183642	-1.116296
574.184044	-1.167571
575.184215	-1.189459
576.184088	-0.839652
577.183759	-0.904101
578.184536	-1.194526
579.184449	-1.135144
580.184424	-1.092179
581.183703	-1.109000
582.184673	-1.084882
583.185499	-1.015975
584.186373	-1.173449
585.186350	-1.180948
586.186068	-0.924976
587.186088	-1.041106
588.185970	-1.161694
589.187378	-1.038876
590.188167	-1.086504
591.187775	-1.053468
592.188036	-0.908762
593.188506	-1.069277
594.188511	-1.186622
595.187904	-1.043335
596.188426	-0.948283
597.187645	-0.910384
598.189199	-1.056509
599.188977	-1.234655
600.188748	-1.187028
601.190549	-0.974022
602.189915	-0.922746
603.190962	-1.176083
604.191533	-1.217428
605.190767	-1.201822
606.191982	-0.938757
607.192348	-0.912612
608.192559	-1.113255
609.191863	-1.227359
610.191760	-0.941595
611.193127	-0.856271
612.192727	-1.010502
613.194552	-1.075762
614.193914	-1.089949
615.194509	-1.183379
616.195599	-1.117512
617.194659	-0.943621
618.195279	-0.960037
619.195676	-1.169193
620.195671	-1.113256
621.196458	-0.891333
622.197210	-1.035228
623.197773	-1.024486
624.198081	-1.221278
625.199413	-1.217630
626.199261	-1.025499
627.200338	-0.804185
628.201561	-1.070087
629.201150	-1.279242
630.200798	-1.054076
631.201488	-0.951120
632.201266	-0.894980
633.202240	-0.950714
634.202212	-1.221886
635.203607	-1.351393
636.204345	-1.000571
637.204427	-0.962672
638.204368	-1.056305
639.204417	-1.086706
640.203815	-1.165342
641.204594	-1.161288
642.203652	-0.933691
643.204900	-0.898629
644.205695	-1.218036
645.206533	-1.159059
646.206203	-0.946053
647.206045	-0.936933
648.206396	-1.086098
649.205985	-1.045767
650.206043	-0.973413
651.205960	-1.198579
652.206316	-1.094813
653.205634	-1.280863
654.206435	-1.159059
655.206357	-0.844921
656.205693	-0.814115
657.207160	-1.050631
658.208079	-1.026919
659.208354	-1.323627
660.208564	-1.433271
661.209112	-0.943418
662.208975	-0.961456
663.208795	-1.048604
664.208958	-1.091772
665.209239	-1.327275
666.208634	-1.150547
667.208778	-0.876335
668.209228	-0.918693
669.208634	-1.112850
670.208954	-1.403073
671.208708	-1.061980
672.209110	-1.047996
673.210570	-0.915450
674.211537	-0.949904
675.210677	-1.129064
676.212141	-1.121565
677.213211	-1.215401
678.213184	-1.052049
679.213412	-1.046172
680.213067	-0.967536
681.214576	-1.021446
682.214426	-1.285930
683.215407	-1.115890
684.215162	-1.163518
685.215509	-1.100487
686.216187	-1.246409
687.216043	-1.053670
688.216303	-1.074950
689.217338	-1.103730
690.216902	-1.157842
691.217250	-1.243369
692.217453	-0.922341
693.216938	-0.757976
694.217305	-1.086097
695.217012	-1.399222
696.217058	-1.205875
697.218009	-0.919503
698.218190	-0.880185
699.219012	-0.850596
700.219013	-1.174461
701.219054	-1.300927
702.218959	-1.063399
703.218972	-1.013339
704.218942	-0.910586
705.219050	-1.002800
706.218685	-1.105554
707.218969	-1.276404
708.218955	-1.008880
709.219050	-0.927407
710.220320	-1.129063
711.220028	-0.998746
712.219806	-0.985979
713.219971	-1.279849
714.220062	-1.304981
715.220801	-1.118119
716.221383	-0.925988
717.220878	-1.157235
718.221266	-0.957807
719.221203	-1.060358
720.221294	-1.287551
721.221386	-1.087719
722.220870	-1.025499
723.221275	-0.988816
724.220715	-0.755543
725.221691	-1.117106
726.223206	-1.403681
727.223406	-1.153384
728.223348	-1.073127
729.223098	-0.990032
730.222791	-0.972197
731.223358	-1.260190
732.223475	-1.311466
733.223727	-1.077990
734.224291	-0.844515
735.223757	-0.919098
736.224315	-0.957402
737.225082	-1.042726
738.225018	-1.257758
739.225377	-1.118524
740.225598	-0.967536
741.224988	-1.127239
742.225456	-1.007665
743.225490	-0.453363
744.225235	-0.944837
745.225371	-1.286335
746.225605	-1.060561
747.226327	-1.118929
748.227361	-1.058940
749.227021	-0.964293
750.227394	-1.045563
751.228314	-1.260190
752.229294	-1.104134
753.228950	-0.916057
754.229516	-0.919300
755.228843	-1.247625
756.228989	-0.962064
757.228828	-1.479479
758.230601	-1.061979
759.230014	-0.733047
760.230348	-0.940580
761.231157	-1.050833
762.231040	-1.130684
763.230698	-1.123388
764.230850	-0.995706
765.231614	-0.869849
766.231750	-1.003408
767.233379	-0.943418
768.233397	-1.071505
769.233191	-1.102311
770.233277	-1.153586
771.232663	-0.979493
772.233052	-1.115281
773.233043	-1.179122
774.232800	-0.986181
775.233666	-1.120754
776.233819	-1.267081
777.235152	-1.104135
778.235187	-0.972805
779.234833	-0.836206
780.235134	-1.042523
781.236444	-1.008678
782.236197	-1.178312
783.235631	-0.973818
784.236348	-0.538889
785.236050	-0.933689
786.235724	-0.938959
787.236375	-1.107377
788.236198	-1.112039
789.237203	-0.984762
790.237646	-0.887886
791.238515	-1.011717
792.237835	-1.337609
793.237915	-1.126226
794.239047	-0.962671
795.239893	-0.649344
796.241227	-0.904911
797.240858	-1.034416
798.240998	-1.209928
799.241403	-1.102311
800.242334	-0.891534
801.241999	-1.138993
802.243314	-1.219656
803.243935	-1.039077
804.244233	-1.276809
805.245465	-1.059344
806.245119	-1.130279
807.246181	-1.236681
808.246162	-1.160477
809.246519	-0.876740
810.247299	-0.770946
811.247383	-1.042523
812.247093	-1.053264
813.247319	-1.237693
814.247791	-1.079611
815.249612	-0.769122
816.248973	-0.858904
817.249272	-1.288564
818.249220	-1.264649
819.248860	-0.872281
820.249360	-0.997935
821.249207	-0.991450
822.250505	-1.021243
823.250450	-1.271742
824.249819	-1.031173
825.249940	-0.917273
826.250342	-1.107985
827.249740	-1.050629
828.249997	-1.123388
829.249766	-1.002394
830.250045	-0.983951
831.250539	-1.004218
832.249965	-1.126226
833.251385	-1.255934
834.251009	-0.933892
835.251331	-0.919502
836.250839	-0.495518
837.251381	-1.220061
838.250801	-1.116092
839.251089	-0.984154
840.251515	-0.978885
841.251306	-1.028944
842.251194	-1.122577
843.250974	-1.200402
844.250817	-1.089542
845.251933	-0.977060
846.252073	-1.021648
847.252392	-1.070491
848.252127	-1.311263
849.253153	-0.937742
850.253277	-0.863768
851.253329	-1.107377
852.253576	-1.203847
853.253057	-1.071504
854.253018	-0.957199
855.253126	-1.010298
856.253462	-0.890115
857.253226	-1.088731
858.252763	-1.267283
859.252817	-1.115078
860.253167	-0.855864
861.253120	-1.102917
862.252665	-0.981722
863.252861	-1.120550
864.252741	-1.096027
865.252768	-0.972805
866.254179	-0.911800
867.254385	-1.149126
868.253779	-1.237694
869.255280	-0.941998
870.255308	-1.060965
871.255704	-0.984964
872.256389	-0.918691
873.256638	-1.438944
874.258183	-1.110417
875.258107	-0.894371
876.259590	-1.018607
877.259166	-1.156422
878.260624	-1.119131
879.260124	-1.135142
880.260114	-1.003812
881.260132	-0.947065
882.259634	-0.916664
883.259923	-1.250258
884.260262	-1.173447
885.260158	-0.819384
886.260487	-1.058127
887.260338	-0.938350
888.260217	-1.043941
889.259874	-1.141020
890.261097	-1.032186
891.262137	-0.938350
892.261723	-1.106160
893.262850	-0.952334
894.263342	-1.012730
895.263516	-1.067248
896.263134	-1.128454
897.263489	-1.019621
898.264578	-0.956388
899.263964	-1.122779
900.264590	-0.940377
901.264342	-0.915448
902.263764	-0.854243
903.264186	-1.212562
904.264478	-1.012730
905.264328	-1.135953
906.264188	-1.032794
907.264491	-0.990234
908.263964	-1.212156
909.264590	-1.039887
910.264937	-1.026308
911.265445	-0.976249
912.265658	-1.014148
913.266180	-1.040495
914.266407	-1.170609
915.266600	-1.160679
916.266539	-0.959022
917.266609	-0.915651
918.267267	-1.301939
919.266709	-1.060154
920.266651	-1.182972
921.267543	-1.100080
922.266956	-1.025903
923.267577	-1.051034
924.267516	-0.962265
925.266978	-0.993679
926.267326	-1.166353
927.267577	-1.047994
928.266862	-0.794455
929.267425	-1.072720
930.267250	-1.219453
931.267514	-1.065424
932.266654	-0.923352
933.266720	-1.062789
934.267274	-1.081232
935.267086	-0.942201
936.266830	-1.052453
937.266931	-1.005434
938.267673	-0.950713
939.268039	-1.183175
940.267873	-1.118117
941.269616	-0.977871
942.270365	-0.967940
943.271567	-1.085285
944.271321	-1.130683
945.271532	-1.256743
946.271681	-1.110619
947.272540	-0.906126
948.273390	-0.925379
949.273054	-1.126630
950.273417	-1.180541
951.272878	-1.090960
952.273428	-1.036239
953.273497	-0.992463
954.273127	-1.083664
955.273681	-1.367198
956.275484	-1.047183
957.274812	-0.985774
958.274850	-0.966926
959.276495	-1.037658
960.276269	-0.979492
961.276001	-1.178108
962.275713	-0.940985
963.277090	-1.040495
964.277529	-1.093189
965.277416	-1.050629
966.277014	-1.009082
967.277442	-0.982329
968.278258	-1.060965
969.278631	-0.909571
970.278975	-1.200402
971.279371	-1.147505
972.279088	-0.796481
973.279119	-1.006852
974.279122	-1.282077
975.278821	-1.306600
976.278681	-1.147910
977.279201	-0.994895
978.279477	-0.788375
979.278969	-1.108795
980.278782	-1.326665
981.278934	-1.179932
982.278794	-0.839042
983.280501	-1.200401
984.280005	-1.267080
985.280246	-1.063397
986.281276	-1.294845
987.280780	-1.031983
988.281227	-0.930648
989.281408	-1.056303
990.280687	-1.185606
991.281514	-1.135142
992.280790	-0.870253
993.281562	-1.036645
994.281475	-1.020025
995.280958	-1.218235
996.281495	-1.253095
997.281384	-0.518622
998.281402	-0.547401
999.282258	-1.161691
1000.281706	-1.148518
1001.282143	-1.231613
1002.282236	-1.190065
1003.282681	-1.037860
1004.283268	-1.120347
1005.283551	-1.137776
1006.282985	-1.125211
1007.283330	-0.915854
1008.283226	-1.059343
1009.283394	-1.522848
1010.282972	-1.156017
1011.283499	-1.102309
1012.284603	-0.967940
1013.285277	-0.973614
1014.285252	-1.087920
1015.284781	-1.281469
1016.286585	-1.135952
1017.287355	-1.075963
1018.287044	-0.940377
1019.287235	-1.046373
1020.287058	-1.145884
1021.287527	-1.215601
1022.287150	-1.069882
1023.286723	-0.815735
1024.287273	-1.034212
1025.286873	-1.214588
1026.287005	-1.099067
1027.286882	-1.119942
1028.286854	-0.884845
1029.287035	-0.990030
1030.287941	-1.166556
1031.287714	-1.267080
1032.288040	-1.032186
1033.288265	-1.101296
1034.288417	-0.980302
1035.287737	-0.902477
1036.289339	-1.050224
1037.289516	-1.031375
1038.289281	-0.813911
1039.288974	-1.061978
1040.288687	-1.199591
1041.289610	-1.246204
1042.290320	-1.127035
1043.290411	-1.030767
1044.290333	-0.959022
1045.290372	-1.158449
1046.289970	-1.277618
1047.289636	-1.053061
1048.291347	-0.958211
1049.291181	-1.348958
1050.292197	-1.125008
1051.292181	-1.228167
1052.293594	-1.138587
1053.292744	-0.967129
1054.293346	-0.916664
1055.294194	-0.819991
1056.294517	-1.243570
1057.293970	-0.789388
1058.295273	-0.845122
1059.295550	-0.897208
1060.295517	-0.822018
1061.295645	-1.102107
1062.296639	-1.231207
1063.297630	-1.007460
1064.298387	-0.964088
1065.299436	-1.106971
1066.299479	-1.070693
1067.300584	-1.103323
1068.300400	-1.084880
1069.301032	-1.140208
1070.301090	-1.015769
1071.301338	-1.137776
1072.301144	-1.008879
1073.301315	-0.950307
1074.302578	-1.120752
1075.301929	-1.199996
1076.302994	-1.077178
1077.304003	-1.195335
1078.304340	-0.911395
1079.303743	-0.900451
1080.303961	-1.158448
1081.303804	-1.377533
1082.305281	-0.976857
1083.305584	-0.986180
1084.305573	-0.863565
1085.306162	-1.047588
1086.305923	-1.105552
1087.306408	-1.278023
1088.306083	-1.012324
1089.307527	-0.837218
1090.307367	-1.608982
1091.306874	-1.113253
1092.307952	-1.073936
1093.309575	-1.067856
1094.308803	-1.127846
1095.310219	-0.860930
1096.310464	-1.008879
1097.309884	-1.208913
1098.310271	-0.923757
1099.310600	-1.050223
1100.311094	-1.171216
1101.310761	-1.112442
1102.311505	-0.992057
1103.310647	-1.144869
1104.311131	-1.180134
1105.312428	-1.143653
1106.311849	-1.245191
1107.312643	-1.059140
1108.313067	-0.945240
1109.312971	-1.132709
1110.313539	-0.853431
1111.313207	-1.165136
1112.313443	-1.176283
1113.314411	-1.007257
1114.314667	-0.873900
1115.316037	-0.993880
1116.316438	-1.154800
1117.316328	-1.073529
1118.315814	-1.088730
1119.316009	-1.035225
1120.316010	-0.675487
1121.316594	-1.089541
1122.316467	-1.078394
1123.316521	-1.072719
1124.315762	-1.192902
1125.315650	-1.067044
1126.316628	-0.943213
1127.315798	-1.008473
1128.316686	-1.150341
1129.317723	-1.115685
1130.318663	-1.037455
1131.318818	-1.167568
1132.318823	-1.073124
1133.319263	-0.971384
1134.319219	-1.174459
1135.318930	-1.077583
1136.320628	-0.950104
1137.320890	-1.089743
1138.320727	-1.101497
1139.321051	-1.000568
1140.321000	-0.777227
1141.320654	-1.074543
1142.321642	-1.172432
1143.323119	-1.289170
1144.323234	-1.071705
1145.324306	-0.770944
1146.325658	-0.834380
1147.325965	-1.204656
1148.326266	-1.075759
1149.326043	-1.135749
1150.327356	-0.937336
1151.328036	-0.791009
1152.327940	-1.041305
1153.327682	-1.248636
1154.327752	-1.082244
1155.328385	-1.007459
1156.327866	-1.063598
1157.328221	-0.981518
1158.327736	-1.038873
1159.328004	-1.178107
1160.328067	-1.023065
1161.328531	-0.995704
1162.328278	-1.227152
1163.329584	-1.112239
1164.328971	-0.839041
1165.329546	-1.005432
1166.328840	-0.907543
1167.330554	-1.073124
1168.331339	-1.216209
1169.331003	-1.132911
1170.330816	-0.824246
1171.330785	-0.988409
1172.332165	-1.216209
1173.331924	-1.223707
1174.331982	-1.211142
1175.331917	-1.097647
1176.332366	-0.774998
1177.331916	-1.041102
1178.332359	-0.837014
1179.332561	-1.211547
1180.332292	-1.187024
1181.331753	-0.938146
1182.332266	-0.997123
1183.332460	-1.125615
1184.331995	-1.187226
1185.331655	-1.011107
1186.333626	-0.989421
1187.332748	-1.140816
1188.332698	-1.029955
1189.332864	-1.042115
1190.333673	-1.032387
1191.334375	-1.075151
1192.334017	-1.132506
1193.333998	-1.084676
1194.333914	-1.136965
1195.334046	-0.787563
1196.334682	-0.878764
1197.335062	-1.318556
1198.334763	-1.453129
1199.335132	-1.336593
1200.335095	-1.070084
1201.335126	-0.766283
1202.336553	-0.944024
1203.335742	-1.181147
1204.336193	-1.233841
1205.335862	-0.965304
1206.336106	-1.046574
1207.336015	-0.855862
1208.335631	-1.039683
1209.335942	-1.220059
1210.337519	-1.174458
1211.336976	-1.052654
1212.336998	-0.969154
1213.336635	-1.010904
1214.336757	-1.017593
1215.337073	-1.142640
1216.336709	-1.151759
1217.336707	-1.234449
1218.336647	-1.321596
1219.338156	-1.161487
1220.337644	-0.946455
1221.339563	-0.796075
1222.340095	-1.103119
1223.341621	-1.268699
1224.340756	-1.264646
1225.341009	-1.122170
1226.342598	-0.696159
1227.342057	-0.871670
1228.341705	-1.400231
1229.341852	-1.310651
1230.343626	-1.245798
1231.343111	-0.941591
1232.342651	-0.776011
1233.343081	-0.882412
1234.344398	-1.289169
1235.343889	-1.235056
1236.344200	-1.048398
1237.343866	-1.119940
1238.344593	-0.997325
1239.343673	-0.983341
1240.344611	-1.092377
1241.343644	-1.400232
1242.343740	-0.952536
1243.344346	-1.096431
1244.345143	-1.229179
1245.345131	-1.003203
1246.346354	-1.149935
1247.345902	-1.261404
1248.345678	-1.121358
1249.346130	-1.171013
1250.345787	-1.046776
1251.346028	-0.870454
1252.346151	-1.059747
1253.345664	-1.315313
1254.345790	-1.253093
1255.346076	-1.135343
1256.346354	-0.951522
1257.346483	-0.755136
1258.346604	-0.990434
1259.347044	-1.176282
1260.347024	-1.055694
1261.348454	-0.904706
1262.349359	-1.017592
1263.348820	-0.961048
1264.348817	-1.151556
1265.349323	-1.203035
1266.349358	-1.403272
1267.348774	-1.222491
1268.349707	-1.263025
1269.351213	-1.034009
1270.352540	-0.976856
1271.352337	-1.067449
1272.352656	-1.203238
1273.353283	-1.008472
1274.353046	-1.043939
1275.353440	-1.100281
1276.354076	-1.308625
1277.353639	-0.955981
1278.353631	-1.573919
1279.354280	-1.248635
1280.354086	-1.044952
1281.353875	-1.000163
1282.354422	-0.924973
1283.354016	-0.869442
1284.353905	-1.317745
1285.354585	-1.145679
1286.354652	-0.852822
1287.355076	-1.052451
1288.355402	-1.094606
1289.355330	-0.978477
1290.355050	-1.322204
1291.355655	-1.238907
1292.357602	-0.819585
1293.356904	-0.904908
1294.356848	-0.752299
1295.358255	-1.057113
1296.358121	-1.102105
1297.357742	-1.241339
1298.358369	-0.918487
1299.357958	-1.017592
1300.357978	-1.184389
1301.357960	-1.164527
1302.358060	-1.237893
1303.358435	-1.118521
1304.359278	-1.147300
1305.359620	-1.069678
1306.359115	-1.120548
1307.359939	-1.009283
1308.359993	-0.933890
1309.360458	-1.138586
1310.359947	-1.090350
1311.361334	-0.997123
1312.360861	-1.003608
1313.360822	-1.011107
1314.361332	-1.050425
1315.362278	-1.408541
1316.363426	-1.149530
1317.363167	-0.951319
1318.362644	-0.837217
1319.363042	-0.987597
1320.363695	-1.110010
1321.363862	-1.106159
1322.364479	-0.996515
1323.364055	-0.828704
1324.364592	-0.962872
1325.364393	-1.204250
1326.364296	-1.121156
1327.364444	-1.100484
1328.363801	-1.091364
1329.364512	-0.832353
1330.365340	-0.973613
1331.365166	-1.167568
1332.365004	-1.152570
1333.366454	-0.945037
1334.366380	-1.088932
1335.365967	-1.092175
1336.365931	-0.979490
1337.365703	-1.071300
1338.365977	-1.164730
1339.367304	-1.054478
1340.367136	-1.147301
1341.366787	-1.184794
1342.366825	-0.984760
1343.366836	-0.914636
1344.366702	-1.039481
1345.366634	-1.203035
1346.367558	-1.169999
1347.366798	-1.139193
1348.366683	-0.803979
1349.367135	-0.924770
1350.367127	-1.282480
1351.367494	-1.388679
1352.368174	-0.917271
1353.368129	-1.241947
1354.369486	-1.000974
1355.368731	-1.012728
1356.368953	-1.377330
1357.369509	-1.236272
1358.368982	-0.783104
1359.369775	-0.921324
1360.371110	-1.016579
1361.371133	-1.032387
1362.370710	-1.268497
1363.370923	-1.093390
1364.371008	-0.915852
1365.371017	-1.008067
1366.371055	-1.186010
1367.370946	-1.098457
1368.370879	-1.124196
1369.370767	-1.307409
1370.370677	-0.906732
1371.370799	-1.095417
1372.370951	-1.219045
1373.370955	-1.023672
1374.371194	-0.946252
1375.371395	-1.215195
1376.371633	-1.168378
1377.371747	-0.981314
1378.373515	-1.128047
1379.373451	-1.353415
1380.373198	-1.521630
1381.373137	-1.295654
1382.372716	-1.275387
1383.372979	-0.950711
1384.374451	-1.060761
1385.374342	-0.998136
1386.375373	-1.023470
1387.374740	-1.227355
1388.375518	-1.180741
1389.375399	-0.966722
1390.375227	-0.819585
1391.375137	-0.990029
1392.376416	-1.044547
1393.376643	-0.969155
1394.377216	-1.055896
1395.376990	-1.000365
1396.377543	-1.007661
1397.377308	-1.115684
1398.377223	-1.053059
1399.378397	-0.995096
1400.378109	-1.113657
1401.378623	-1.171620
1402.377783	-0.953954
1403.378128	-0.975234
1404.378548	-0.988205
1405.378219	-0.963074
1406.378954	-1.281265
1407.379888	-1.416850
1408.381355	-0.954359
1409.381011	-0.884843
1410.382037	-1.094606
1411.382035	-0.971383
1412.381772	-1.273158
1413.382047	-1.015768
1414.382437	-1.046776
1415.382119	-0.764459
1416.381927	-1.220261
1417.382379	-1.143652
1418.381813	-1.147503
1419.383358	-1.279440
1420.382974	-1.006243
1421.383230	-1.011918
1422.383401	-1.208507
1423.383255	-1.198373
1424.383950	-1.036440
1425.384303	-1.123993
1426.384398	-1.123588
1427.384562	-0.956589
1428.384070	-1.132303
1429.384435	-1.087107
1430.384306	-0.952535
1431.384565	-1.108995
1432.383797	-1.168986
1433.385143	-0.960440
1434.386285	-1.048803
1435.386940	-1.098659
1436.388213	-0.937335
1437.389576	-1.182362
1438.389289	-1.366183
1439.390030	-0.875521
1440.390283	-0.857889
1441.389824	-1.008269
1442.389945	-1.195130
1443.390026	-1.177092
1444.390286	-1.180943
1445.389769	-0.964695
1446.390328	-0.857281
1447.390742	-1.062382
1448.391442	-0.823435
1449.390689	-1.170607
1450.391407	-1.176079
1451.391160	-1.040899
1452.391278	-0.962263
1453.392561	-1.118522
1454.393511	-1.279035
1455.394321	-0.965506
1456.395064	-1.100686
1457.394699	-1.168783
1458.394689	-1.010701
1459.396391	-1.077582
1460.395764	-1.205668
1461.395708	-0.944428
1462.397251	-0.997325
1463.398276	-1.071097
1464.398022	-1.014147
1465.398362	-0.817963
1466.397930	-0.784523
1467.399138	-1.193306
1468.399094	-1.116089
1469.398932	-1.118318
1470.398959	-1.100079
1471.398901	-0.856065
1472.400267	-1.063598
1473.399902	-1.272752
1474.400574	-1.037048
1475.399694	-0.971789
1476.400476	-1.114468
1477.400461	-1.011309
1478.399918	-1.144057
1479.401026	-1.340646
1480.400942	-1.074745
1481.401439	-0.836001
1482.401284	-0.996312
1483.401072	-1.153380
1484.402253	-1.197359
1485.401942	-1.209114
1486.402087	-0.881601
1487.403645	-0.981112
1488.404074	-1.091972
1489.404523	-1.082243
1490.404486	-0.964898
1491.403782	-1.024077
1492.403862	-1.043534
1493.403900	-0.985571
1494.405332	-1.157029
1495.404665	-1.147706
1496.405367	-0.929634
1497.405490	-0.878359
1498.404735	-1.226949
1499.405462	-1.209520
1500.405587	-1.126223
1501.406150	-1.054680
1502.406110	-0.981314
1503.406433	-1.233029
1504.405869	-1.317137
1505.406190	-1.032995
1506.406294	-1.022659
1507.406245	-0.984557
1508.405902	-1.074947
1509.407499	-1.099065
1510.408383	-0.865185
1511.407746	-0.976450
1512.409366	-0.809045
1513.409494	-0.991042
1514.409112	-1.096633
1515.409286	-1.166148
1516.409247	-0.944833
1517.409283	-0.853430
1518.409173	-0.862955
1519.408759	-1.143855
1520.409212	-1.229786
1521.409037	-0.987191
1522.409137	-1.004418
1523.410569	-1.278022
1524.410450	-1.171823
1525.411286	-1.183375
1526.412442	-1.035832
1527.411875	-0.921527
1528.412468	-1.066030
1529.411823	-1.189252
1530.412871	-1.173241
1531.413279	-0.897612
1532.413155	-0.903489
1533.413692	-1.096429
1534.414471	-1.162297
1535.414314	-1.527506
1536.414299	-0.828907
1537.413956	-0.715817
1538.414048	-0.778645
1539.413956	-1.038669
1540.414226	-1.265050
1541.414045	-0.971789
1542.413671	-0.876534
1543.414386	-0.934700
1544.414152	-1.100686
1545.415506	-1.323419
1546.416595	-1.039886
1547.415972	-0.965100
1548.416080	-0.991650
1549.416554	-0.933889
1550.416078	-1.029955
1551.415911	-1.249647
1552.417186	-1.050019
1553.417543	-1.027319
1554.416805	-1.126627
1555.416696	-0.972194
1556.417027	-0.981922
1557.417011	-1.070488
1558.416951	-1.114062
1559.417130	-1.102105
1560.416725	-1.068056
1561.417511	-1.573918
1562.417363	-0.735274
1563.416814	-1.096835
1564.418463	-1.165743
1565.417670	-1.103321
1566.419321	-1.024888
1567.419281	-0.793642
1568.418751	-0.890720
1569.418631	-1.099469
1570.418899	-1.191076
1571.419173	-1.084472
1572.420416	-0.971991
1573.419950	-1.029549
1574.421390	-1.106766
1575.420823	-1.166148
1576.421200	-1.206073
1577.420937	-1.075757
1578.421221	-0.999756
1579.422283	-1.136963
1580.421823	-1.238703
1581.423247	-1.067853
1582.422684	-1.101496
1583.424415	-1.119534
1584.424634	-1.441981
1585.424805	-1.161487
1586.424651	-1.140206
1587.425212	-1.100888
1588.425313	-1.064408
1589.426529	-1.068461
1590.425659	-1.127844
1591.425857	-0.958210
1592.427496	-0.949292
1593.427267	-0.984962
1594.427285	-0.965708
1595.426652	-1.249040
1596.427967	-1.192090
1597.429587	-0.907340
1598.428891	-0.757162
1599.430307	-1.136558
1600.430447	-1.335377
1601.431535	-1.130883
1602.431192	-1.087918
1603.431417	-0.865590
1604.432366	-0.970167
1605.432456	-1.174458
1606.431717	-1.304165
1607.432543	-1.147705
1608.433299	-1.161689
1609.433529	-1.046168
1610.433643	-0.967329
1611.434321	-1.235055
1612.433858	-0.893964
1613.435487	-0.980706
1614.436323	-1.112643
1615.436510	-1.005026
1616.436445	-0.934497
1617.437586	-1.019822
1618.436960	-0.959223
1619.438337	-1.198373
1620.438241	-1.370033
1621.438374	-1.060557
1622.437754	-1.053464
1623.439429	-1.106564
1624.440354	-1.027522
1625.441515	-1.116899
1626.442270	-1.186618
1627.442350	-1.175673
1628.442165	-1.092984
1629.443478	-0.743178
1630.443168	-1.092782
1631.442679	-1.180132
1632.442657	-1.065016
1633.443261	-0.966316
1634.443287	-0.941388
1635.444529	-1.069475
1636.444592	-1.109603
1637.445487	-1.086702
1638.444643	-1.063394
1639.444837	-0.972194
1640.444840	-1.047181
1641.444742	-1.068056
1642.444662	-1.079405
1643.445089	-1.100888
1644.444782	-1.022050
1645.445618	-1.101902
1646.445224	-1.101902
1647.445076	-0.965708
1648.444757	-1.131897
1649.444698	-1.079608
1650.445579	-1.107374
1651.444853	-1.200602
1652.444827	-1.208303
1653.445135	-0.902881
1654.445137	-1.069475
1655.444795	-1.063192
1656.445119	-1.305990
1657.444882	-1.127843
1658.444899	-1.053058
1659.446409	-0.806411
1660.446211	-0.856064
1661.447164	-1.132505
1662.446843	-1.230597
1663.446988	-1.094808
1664.446910	-1.126830
1665.446997	-0.868022
1666.447107	-1.031373
1667.446775	-1.128654
1668.447548	-1.062584
1669.447351	-0.960439
1670.447560	-0.742164
1671.447259	-0.921729
1672.447255	-1.047992
1673.447286	-1.090754
1674.446851	-1.093389
1675.447073	-0.912204
1676.447345	-0.940780
1677.447038	-1.179523
1678.447128	-1.033399
1679.447425	-0.752500
1680.446785	-1.085688
1681.448267	-1.144259
1682.448303	-1.135342
1683.448111	-1.179726
1684.447699	-0.626035
1685.449461	-1.006850
1686.449547	-1.158649
1687.449183	-1.244378
1688.449227	-0.935307
1689.448900	-0.824853
1690.450555	-0.840864
1691.450487	-1.077378
1692.449648	-1.288154
1693.450508	-1.368411
1694.450476	-0.844715
1695.450364	-1.090350
1696.449855	-1.078594
1697.451176	-1.105955
1698.451279	-1.224111
1699.450690	-0.950305
1700.451451	-1.051437
1701.450785	-0.973612
1702.450715	-1.218233
1703.450908	-1.457990
1704.451297	-1.005836
1705.451246	-1.034818
1706.451507	-1.100482
1707.452614	-0.950102
1708.453130	-1.166553
1709.453297	-1.011714
1710.453083	-0.957398
1711.453394	-1.017186
1712.453370	-1.171620
1713.453060	-1.026306
1714.454618	-0.963073
1715.454782	-1.067245
1716.456332	-1.053869
1717.455945	-1.078797
1718.455647	-1.174254
1719.456101	-0.957601
1720.455982	-0.892747
1721.455935	-0.996108
1722.456618	-1.206479
1723.455892	-1.274372
1724.456435	-0.986583
1725.455966	-0.855253
1726.456237	-0.885856
1727.457614	-1.157838
1728.458371	-1.251877
1729.458452	-0.956993
1730.457735	-0.923148
1731.458124	-1.034616
1732.458222	-1.020631
1733.457807	-1.161284
1734.458207	-0.839243
1735.457884	-0.671432
1736.457678	-1.120546
1737.458260	-1.155811
1738.457946	-0.960235
1739.459318	-1.123181
1740.459604	-0.992663
1741.458927	-0.954966
1742.459200	-1.100280
1743.458740	-1.201006
1744.459595	-1.059746
1745.458863	-0.917472
1746.458992	-1.079811
1747.458731	-1.200398
1748.459139	-1.168782
1749.458959	-1.173645
1750.459388	-0.985164
1751.459607	-0.881601
1752.460498	-1.005430
1753.461083	-1.276196
1754.461462	-0.992865
1755.462441	-0.982326
1756.461784	-0.894976
1757.462088	-0.965100
1758.462391	-1.230798
1759.462532	-0.985366
1760.461942	-0.984556
1761.461832	-1.071095
1762.461909	-1.074135
1763.461774	-1.079811
1764.462412	-0.989218
1765.462532	-1.117709
1766.461862	-0.979895
1767.462067	-0.830730
1768.461729	-0.991649
1769.463325	-1.079202
1770.464364	-0.970572
1771.465393	-1.094403
1772.465366	-1.093997
1773.465320	-1.172227
1774.466345	-1.011106
1775.465940	-0.904907
1776.466307	-0.925174
1777.466637	-1.062786
1778.467361	-1.156217
1779.468379	-0.938956
1780.468303	-0.937942
1781.468008	-0.879371
1782.467887	-0.911595
1783.469588	-1.288357
1784.469480	-1.079608
1785.468875	-1.031575
1786.468901	-0.923350
1787.470098	-0.891531
1788.469872	-1.053261
1789.470154	-1.280047
1790.470286	-1.154595
1791.470318	-1.169187
1792.469937	-0.980502
1793.470246	-1.226948
1794.470996	-1.203844
1795.471779	-0.952332
1796.472535	-1.039276
1797.473413	-1.006038
1798.472695	-1.074338
1799.475551	-1.045559
1800.476328	-0.973814
1801.476882	-1.089335
1802.477216	-1.121763
1803.478152	-1.111629
1804.478197	-0.998946
1805.478553	-1.043735
1806.477887	-0.978273
1807.478100	-0.986785
1808.479582	-1.158649
1809.480440	-1.387260
1810.479739	-1.157432
1811.481479	-0.933483
1812.481011	-1.112642
1813.480955	-1.074338
1814.482018	-1.102712
1815.482150	-1.124195
1816.481967	-0.970572
1817.482260	-0.960641
1818.483403	-1.222692
1819.482656	-0.942603
1820.483270	-1.133922
1821.482874	-1.025698
1822.483135	-1.199182
1823.484337	-0.903083
1824.483649	-1.013943
1825.483764	-0.980908
1826.483872	-1.125005
1827.484051	-1.197155
1828.483634	-1.142637
1829.483783	-0.997121
1830.483985	-1.009281
1831.484327	-1.005836
1832.484476	-0.874709
1833.483958	-1.063596
1834.483842	-1.128856
1835.484646	-1.140408
1836.484779	-1.134125
1837.485545	-0.989217
1838.485373	-0.985164
1839.484811	-1.037857
1840.484990	-1.144461
1841.485563	-0.963883
1842.485411	-1.026710
1843.485093	-0.989622
1844.486042	-1.227353
1845.486041	-1.003404
1846.485864	-1.171416
1847.485901	-1.028129
1848.485949	-1.089943
1849.486631	-1.174456
1850.487034	-1.047585
1851.487364	-1.023873
1852.487545	-0.938144
1853.486777	-0.994689
1854.487600	-0.950507
1855.487134	-0.909365
1856.486699	-1.303556
1857.488323	-0.898219
1858.487803	-0.959221
1859.488547	-0.932267
1860.489223	-1.079607
1861.489950	-0.945846
1862.490018	-0.980908
1863.490332	-1.051031
1864.489989	-1.137570
1865.489831	-1.211950
1866.491026	-1.044951
1867.492580	-0.850997
1868.492003	-0.925984
1869.492614	-1.110210
1870.493498	-1.083660
1871.492977	-1.039681
1872.493447	-0.977259
1873.493063	-1.008065
1874.492852	-1.231406
1875.492962	-1.236473
1876.494381	-1.086903
1877.494925	-0.946859
1878.494897	-0.963275
1879.495219	-1.010902
1880.495330	-1.356250
1881.494682	-1.496497
1882.495297	-0.855253
1883.495191	-0.819785
1884.495415	-1.189048
1885.496442	-1.108791
1886.497107	-1.123991
1887.496644	-0.870047
1888.498202	-1.005024
1889.498021	-1.133313
1890.498383	-1.162092
1891.498513	-1.267075
1892.497704	-0.928619
1893.498275	-0.982731
1894.497996	-1.056704
1895.499503	-1.204045
1896.500284	-1.309433
1897.500133	-0.966315
1898.501004	-1.057718
1899.500647	-1.087713
1900.500846	-1.159863
1901.500998	-1.179117
1902.501381	-1.028939
1903.502542	-0.936928
1904.502279	-0.951317
1905.503421	-1.502171
1906.502871	-1.271129
1907.504424	-0.877749
1908.503721	-0.822420
1909.504146	-1.060150
1910.504042	-1.124599
1911.504306	-1.083052
1912.504128	-0.925781
1913.504187	-0.852820
1914.504568	-0.803369
1915.503892	-1.222286
1916.503755	-1.213975
1917.503935	-1.024075
1918.503850	-0.945845
1919.504598	-0.550033
1920.504090	-1.406714
1921.504485	-1.150541
1922.503636	-1.100481
1923.503861	-0.988000
1924.505452	-1.017995
1925.505145	-1.026508
1926.504954	-1.192696
1927.506156	-0.980502
1928.505983	-0.894976
1929.505796	-1.103318
1930.506908	-1.309838
1931.507310	-1.157229
1932.506934	-0.954155
1933.507183	-0.963478
1934.506748	-1.003403
1935.507500	-1.128247
1936.506721	-1.015766
1937.507074	-0.960640
1938.508166	-0.876735
1939.508754	-1.057110
1940.508798	-1.225730
1941.509192	-1.259779
1942.508724	-1.149932
1943.510326	-0.957195
1944.509920	-0.986379
1945.509721	-1.052449
1946.510262	-1.232216
1947.510841	-1.002998
1948.510909	-1.079607
1949.511254	-1.059745
1950.511546	-0.999350
1951.510707	-1.212760
1952.511435	-0.991243
1953.510708	-0.921930
1954.512517	-1.018401
1955.511963	-1.047382
1956.511749	-1.071905
1957.511729	-1.023872
1958.512161	-1.118924
1959.512225	-1.208099
1960.512550	-0.938549
1961.511659	-1.173240
1962.512128	-1.139394
1963.512204	-0.870453
1964.513402	-1.189453
1965.512810	-1.044545
1966.512993	-1.306190
1967.512731	-1.009888
1968.512916	-0.886869
1969.512853	-0.917066
1970.512638	-0.999552
1971.513227	-1.211138
1972.514537	-1.170807
1973.514520	-1.045963
1974.514025	-1.032587
1975.514258	-0.888693
1976.513741	-1.186008
1977.514410	-1.204248
1978.515285	-1.017590
1979.516267	-1.104738
1980.516087	-1.086497
1981.516278	-1.074742
1982.517295	-0.990027
1983.516827	-1.194520
1984.517318	-1.086700
1985.516690	-1.025291
1986.516845	-1.135340
1987.517276	-0.986784
1988.516802	-1.059542
1989.516679	-1.209720
1990.516787	-1.090348
1991.517542	-1.183981
1992.517515	-1.152162
1993.518292	-0.930848
1994.517721	-1.026102
1995.517651	-1.146081
1996.517659	-1.190264
1997.518863	-0.993270
1998.518987	-1.021238
1999.519492	-0.834175
2000.520500	-0.872682
2001.519859	-1.262211
2002.520292	-1.268899
2003.520596	-1.114669
2004.519653	-0.970166
2005.520031	-0.778644
2006.521136	-1.022251
2007.522107	-1.135949
2008.522382	-1.103927
2009.523323	-0.889909
2010.522824	-0.925173
2011.524439	-1.081228
2012.524279	-1.120545
2013.524327	-1.167159
2014.525424	-1.085281
2015.525444	-0.903082
2016.524931	-0.969557
2017.524687	-0.993067
2018.524878	-1.043937
2019.524918	-1.076161
2020.524802	-1.089132
2021.524641	-1.044748
2022.525587	-1.121559
2023.524753	-1.138584
2024.524889	-1.200600
2025.525392	-1.001579
2026.525421	-1.037249
2027.524636	-1.063798
2028.524810	-0.874912
2029.526665	-0.922538
2030.526952	-0.920512
2031.526866	-0.959829
2032.527239	-1.203234
2033.527383	-1.200194
2034.527030	-0.973611
2035.527623	-0.872884
2036.526878	-0.963680
2037.526947	-1.149324
2038.528333	-1.342873
2039.529047	-1.083457
2040.530135	-0.962869
2041.529990	-0.937333
2042.530946	-1.125612
2043.531682	-1.103319
2044.531822	-1.093793
2045.531948	-1.010294
2046.532261	-0.983136
2047.532298	-1.069676
2048.531785	-1.038870
2049.531742	-1.142839
2050.531778	-0.899840
2051.534595	-1.022454
2052.536235	-1.089132
2053.536294	-0.962058
2054.536030	-1.043126
2055.536181	-1.000768
2056.535640	-0.868831
2057.536877	-1.041302
2058.537355	-1.081633
2059.536957	-0.980907
2060.536893	-0.994080
2061.536824	-1.182764
2062.536638	-1.067243
2063.537239	-1.157026
2064.537607	-1.284707
2065.537222	-1.005835
2066.536791	-0.913418
2067.537486	-1.127234
2068.537515	-1.243160
2069.537332	-1.073931
2070.536918	-0.972192
2071.537563	-0.974826
2072.537585	-1.021238
2073.536848	-1.133111
2074.538504	-1.278019
2075.539458	-0.732435
2076.538890	-1.030966
2077.540609	-1.091564
2078.539761	-1.061163
2079.539654	-1.076161
2080.540957	-0.987190
2081.541421	-0.921727
2082.540642	-1.027318
2083.540733	-1.323619
2084.542441	-1.234040
2085.543358	-1.131489
2086.542859	-1.075755
2087.542715	-1.172631
2088.544528	-1.167767
2089.544512	-1.265453
2090.545255	-0.993066
2091.545296	-0.905311
2092.545123	-1.172023
2093.545586	-1.236878
2094.545532	-1.105548
2095.545019	-0.910378
2096.545159	-1.020832
2097.544703	-0.856266
2098.545111	-1.214583
2099.544851	-1.326456
2100.545462	-0.929023
2101.546517	-0.859913
2102.545651	-0.965301
2103.546490	-1.140812
2104.545662	-1.242754
2105.546189	-1.098049
2106.546028	-0.934090
2107.546055	-0.877950
2108.546290	-1.322605
2109.545767	-1.217421
2110.545897	-1.351384
2111.545963	-1.121964
2112.546602	-1.134732
2113.546131	-1.004011
2114.546058	-1.218028
2115.545749	-1.142028
2116.546068	-1.290989
2117.547573	-0.949087
2118.548341	-1.128854
2119.549514	-1.115073
2120.550594	-1.005835
2121.550281	-1.044747
2122.550624	-1.080214
2123.550642	-1.180129
2124.550851	-1.257144
2125.550914	-0.938143
2126.550828	-0.973610
2127.551319	-1.076161
2128.550894	-1.042923
2129.551078	-1.015563
2130.551073	-1.058528
2131.552598	-0.782494
2132.552488	-0.919700
2133.551659	-1.251063
2134.553510	-1.289976
2135.552691	-0.924564
2136.553476	-0.946453
2137.553364	-0.954560
2138.553077	-0.946655
2139.553110	-1.200802
2140.552818	-1.156214
2141.552684	-1.071094
2142.554613	-1.120140
2143.553955	-1.203639
2144.553977	-0.993877
2145.553778	-1.002795
2146.554684	-1.038667
2147.555420	-0.890719
2148.556557	-1.160876
2149.555873	-1.178103
2150.557078	-0.986986
2151.556649	-0.920714
2152.556973	-1.009483
2153.556977	-1.114667
2154.558497	-1.370435
2155.557652	-1.121761
2156.559450	-1.095820
2157.558656	-0.937130
2158.558750	-1.059339
2159.558884	-1.144054
2160.559268	-1.057515
2161.560425	-0.982325
2162.560820	-1.089740
2163.561234	-1.191884
2164.560701	-1.408942
2165.561379	-1.198775
2166.561362	-1.064000
2167.560963	-0.902879
2168.561473	-1.153985
2169.561020	-1.200599
2170.562409	-0.979893
2171.562957	-1.041909
2172.563228	-0.816339
2173.562825	-0.952938
2174.562750	-1.340440
2175.563924	-1.162902
2176.564552	-1.018602
2177.565315	-1.165740
2178.565346	-1.072512
2179.565209	-1.059541
2180.566576	-1.138582
2181.565974	-1.007253
2182.567524	-1.012117
2183.568314	-0.999147
2184.568925	-1.103318
2185.570487	-0.939562
2186.569900	-1.082849
2187.571363	-1.077174
2188.571300	-1.005834
2189.572324	-1.122571
2190.571871	-1.108385
2191.573580	-0.971583
2192.573081	-1.012522
2193.573119	-1.135947
2194.572981	-1.173239
2195.573611	-1.159457
2196.572769	-1.060757
2197.573310	-0.900852
2198.573217	-0.921930
2199.574005	-1.120748
2200.574315	-1.157431
2201.575345	-0.803369
2202.575346	-1.192695
2203.575248	-1.096833
2204.575446	-1.044139
2205.576122	-1.012320
2206.575645	-1.046571
2207.577605	-1.000768
2208.577187	-0.861332
2209.578505	-1.169388
2210.579173	-0.991242
2211.578738	-1.094806
2212.579099	-1.056704
2213.579219	-0.931455
2214.580332	-0.960437
2215.579997	-1.070081
2216.580275	-1.010294
2217.581575	-0.899434
2218.581075	-0.949695
2219.582638	-1.062785
2220.583466	-0.823028
2221.583634	-1.145676
2222.583795	-0.956383
2223.585494	-0.858697
2224.585208	-1.115478
2225.584987	-1.170604
2226.585066	-1.232013
2227.584634	-1.031168
2228.586490	-0.911391
2229.586416	-0.945237
2230.586414	-1.131489
2231.586034	-1.149324
2232.585699	-1.100683
2233.586494	-0.726152
2234.586483	-0.971989
2235.586006	-1.171617
2236.586360	-0.975637
2237.586025	-1.098049
2238.586543	-1.068662
2239.585689	-0.946453
2240.586518	-1.172834
2241.586998	-0.986379
2242.587082	-0.992053
2243.588429	-1.082848
2244.588047	-1.093387
2245.588436	-1.088321
2246.589234	-1.068256
2247.589545	-0.961450
2248.589056	-0.884233
2249.588854	-1.021642
2250.588940	-1.161484
2251.590461	-1.098860
2252.590117	-0.939967
2253.589924	-0.914025
2254.590595	-0.987189
2255.589886	-1.181548
2256.589666	-1.216610
2257.589993	-0.856468
2258.589640	-0.923146
2259.590270	-1.187425
2260.590127	-0.978677
2261.589862	-1.146081
2262.589992	-1.204855
2263.590107	-0.956383
2264.590579	-0.756754
2265.591630	-1.172833
2266.591529	-0.997323
2267.591183	-1.137569
2268.590699	-0.948479
2269.590659	-0.999754
2270.590664	-0.957194
2271.592471	-1.207692
2272.592206	-1.238295
2273.592523	-0.905716
2274.591938	-1.066635
2275.592596	-1.118112
2276.593520	-1.002794
2277.592651	-0.978474
2278.593345	-0.847753
2279.592741	-0.858899
2280.593322	-1.098454
2281.592823	-1.298488
2282.594135	-1.060352
2283.594474	-0.967732
2284.593961	-1.006442
2285.593834	-1.165942
2286.594689	-1.088523
2287.595149	-1.178305
2288.595326	-0.957599
2289.594711	-0.877950
2290.595198	-1.099670
2291.594936	-1.185803
2292.595179	-1.202017
2293.595478	-0.974623
2294.594814	-0.841673
2295.595407	-0.846131
2296.595191	-1.120139
2297.595115	-1.363544
2298.595422	-0.980298
2299.597731	-0.882814
2300.598275	-0.907743
2301.597783	-1.086901
2302.597764	-1.293421
2303.597773	-1.292407
2304.599540	-1.068053
2305.598914	-0.909972
2306.598808	-1.077377
2307.598673	-1.083862
2308.598720	-0.910783
2309.599606	-0.974624
2310.598990	-1.115883
2311.600394	-1.190263
2312.600199	-1.199585
2313.600593	-1.116694
2314.599679	-0.933887
2315.601274	-0.994485
2316.601204	-1.263426
2317.601709	-1.324226
2318.601974	-0.992458
2319.601802	-0.974826
2320.602309	-0.841875
2321.603279	-1.264034
2322.603138	-1.205462
2323.602905	-0.992053
2324.603426	-1.053056
2325.604222	-1.054880
2326.603640	-1.137163
2327.605113	-1.191884
2328.605230	-1.010901
2329.604935	-1.021440
2330.605023	-0.914836
2331.604676	-1.123787
2332.606255	-1.140001
2333.605883	-0.998133
2334.606578	-0.824852
2335.606565	-0.887070
2336.607131	-1.202626
2337.608423	-1.206882
2338.609075	-1.188642
2339.610078	-0.859913
2340.609852	-0.972597
2341.610291	-1.129462
2342.610582	-1.121558
2343.609787	-1.085078
2344.610187	-1.003808
2345.609910	-1.010698
2346.609939	-1.086902
2347.610207	-1.204450
2348.609815	-0.967530
2349.609939	-0.859305
2350.610085	-0.906121
2351.610066	-1.001173
2352.611348	-1.312472
2353.612626	-1.087104
2354.611833	-1.222487
2355.612649	-0.982527
2356.613442	-1.121558
2357.613239	-1.217420
2358.613066	-1.152770
2359.613094	-1.054678
2360.613420	-1.158646
2361.613021	-1.119734
2362.613006	-1.072918
2363.613250	-1.103520
2364.613584	-0.875518
2365.613245	-1.134730
2366.612755	-1.131083
2367.612907	-1.196748
2368.613967	-1.128651
2369.614110	-1.192289
2370.615264	-0.992661
2371.614789	-0.969759
2372.615572	-1.203435
2373.615412	-1.134123
2374.615548	-0.725341
2375.615934	-0.745405
2376.616129	-0.914430
2377.616279	-1.144460
2378.616333	-1.211745
2379.616181	-0.959626
2380.616619	-1.068054
2381.615899	-0.994890
2382.617578	-1.153985
2383.616919	-1.012927
2384.617435	-1.044341
2385.616795	-1.020832
2386.616918	-0.953546
2387.617154	-1.048395
2388.616668	-1.139190
2389.616893	-1.074944
2390.617255	-0.821609
2391.617051	-0.954154
2392.616899	-1.398606
2393.618474	-1.115073
2394.618558	-1.269101
2395.617980	-0.960234
2396.618366	-0.946654
2397.618251	-1.153985
2398.618274	-1.112640
2399.617869	-1.025088
2400.618039	-1.138784
2401.618069	-1.088320
2402.618503	-1.076160
2403.618090	-1.191479
2404.617894	-1.149526
2405.619204	-0.826878
2406.618975	-1.059542
2407.618864	-1.083659
2408.619407	-1.043531
2409.620150	-1.179319
2410.620742	-1.158038
2411.620768	-0.928617
2412.621539	-1.022655
2413.621406	-1.076160
2414.622594	-1.069878
2415.621681	-0.852616
2416.623100	-0.921930
2417.623576	-1.115478
2418.624307	-1.006240
2419.625359	-1.189249
2420.624791	-1.080011
2421.624743	-0.889705
2422.625559	-1.047179
2423.624735	-1.177089
2424.624671	-1.120342
2425.625563	-0.923145
2426.624803	-0.932266
2427.624856	-0.950101
2428.625512	-1.256130
2429.626287	-1.318552
2430.627474	-1.084064
2431.627491	-0.990836
2432.627010	-0.988202
2433.627378	-1.043936
2434.626956	-1.242551
2435.627375	-1.209921
2436.626777	-0.919903
2437.627234	-0.840862
2438.626656	-1.101494
2439.627044	-1.180129
2440.626938	-1.421305
2441.628553	-1.030154
2442.627699	-0.838633
2443.629557	-1.051637
2444.628978	-1.147296
2445.630575	-1.192695
2446.630240	-0.981919
2447.630348	-0.899028
2448.630095	-1.067851
2449.630270	-1.050219
2450.629895	-1.113451
2451.630058	-0.931455
2452.629996	-0.973610
2453.630013	-1.234039
2454.630398	-1.204652
2455.630103	-0.984757
2456.631620	-0.931455
2457.631151	-1.031776
2458.631500	-1.103723
2459.631374	-1.198978
2460.631488	-1.151148
2461.631269	-0.846334
2462.631346	-0.878558
2463.631132	-1.225324
2464.632596	-1.273559
2465.633438	-1.341656
2466.633185	-0.861940
2467.634176	-0.673052
2468.633866	-1.178305
2469.634295	-1.134326
2470.633656	-1.337197
2471.635124	-1.068053
2472.635656	-0.953343
2473.635761	-1.059136
2474.637019	-1.084672
2475.636825	-1.196343
2476.637431	-1.007456
2477.637302	-0.994079
2478.637555	-1.090549
2479.637457	-1.299703
2480.638594	-1.145878
2481.638564	-0.892543
2482.639209	-1.029141
2483.639251	-0.999146
2484.639435	-1.118315
2485.638655	-1.305175
2486.639577	-0.968137
2487.640326	-0.761213
2488.641429	-1.031167
2489.641438	-1.155403
2490.641332	-1.111222
2491.642182	-1.139595
2492.642130	-1.042922
2493.641726	-0.934089
2494.642149	-1.201814
2495.642435	-1.410765
2496.641863	-0.956788
2497.642456	-0.889908
2498.641635	-1.073525
2499.641654	-1.107371
2500.642045	-1.147093
2501.641682	-0.887678
2502.643351	-0.883422
2503.642631	-1.022858
2504.643412	-1.355842
2505.642875	-1.230998
2506.643193	-1.048394
2507.643549	-0.922334
2508.642653	-0.873289
2509.642803	-1.086495
2510.643548	-1.254711
2511.643589	-0.878558
2512.644409	-0.874302
2513.644406	-1.017589
2514.643749	-1.222486
2515.645414	-1.239308
2516.646317	-1.007658
2517.645699	-0.974420
2518.647264	-0.930036
2519.648516	-0.979285
2520.649408	-1.125408
2521.648975	-1.077781
2522.648660	-0.954761
2523.649098	-1.063594
2524.648877	-1.204854
2525.649027	-1.115883
2526.649396	-1.128448
2527.650407	-1.006645
2528.650276	-0.911188
2529.649690	-1.164118
2530.651317	-1.225932
2531.651497	-1.072309
2532.650771	-1.030154
2533.651318	-1.012725
2534.650999	-1.064405
2535.652119	-1.205462
2536.651789	-1.031167
2537.651731	-0.866398
2538.652571	-0.998943
2539.652286	-1.118517
2540.653502	-1.150944
2541.652699	-1.165131
2542.652792	-1.027925
2543.653670	-0.950708
2544.653755	-0.983742
2545.654305	-1.151957
2546.654121	-1.136352
2547.654367	-0.961246
2548.653683	-1.060960
2549.654464	-0.987188
2550.654283	-1.170805
2551.653636	-1.090954
2552.655311	-0.883219
2553.654720	-0.921118
2554.656057	-1.097642
2555.656259	-1.075957
2556.657365	-1.129056
2557.657621	-1.065823
2558.657674	-0.996916
2559.659527	-1.003807
2560.658819	-1.112032
2561.658846	-0.978879
2562.658969	-0.884841
2563.660458	-0.941588
2564.661264	-1.059541
2565.660769	-1.069877
2566.660898	-1.039679
2567.660740	-0.926793
2568.661633	-0.924766
2569.662008	-1.012522
2570.661902	-1.175467
2571.661860	-1.205665
2572.662282	-1.028330
2573.663434	-1.006847
2574.662895	-0.942195
2575.662975	-1.048596
2576.663286	-1.179723
2577.664397	-1.114058
2578.664543	-0.986377
2579.663738	-0.909161
2580.664305	-0.831336
2581.663636	-0.910985
2582.664077	-0.946046
2583.663738	-1.041706
2584.663926	-1.044948
2585.663648	-1.157430
2586.665382	-1.039882
2587.664735	-1.066026
2588.665425	-1.007050
2589.665359	-1.157632
2590.665013	-1.132298
2591.664947	-1.176683
2592.666459	-1.294636
2593.666975	-0.880382
2594.667611	-0.895987
2595.667280	-1.131082
2596.667464	-1.155200
2597.666886	-1.060756
2598.668459	-0.929022
2599.667764	-0.881598
2600.668324	-1.076971
2601.668306	-1.236470
2602.668583	-1.187627
2603.668063	-1.004212
2604.669574	-0.803570
2605.669280	-1.152769
2606.670575	-0.996916
2607.669734	-1.186816
2608.669930	-0.911592
2609.669904	-0.921321
2610.671547	-0.985161
2611.671428	-1.147499
2612.670845	-1.035018
2613.672618	-0.982729
2614.672096	-1.080415
2615.672547	-1.026709
2616.673204	-1.046975
2617.672925	-1.126624
2618.672878	-0.950910
2619.673329	-1.142229
2620.672886	-1.167766
2621.673015	-1.147499
2622.673086	-0.967124
2623.673656	-0.821203
2624.675509	-0.966921
2625.676548	-0.947667
2626.675793	-1.171819
2627.675744	-1.226742
2628.677557	-1.035423
2629.678257	-0.723516
2630.678810	-1.171008
2631.679250	-0.991039
2632.680284	-1.297270
2633.679879	-1.206272
2634.680354	-1.142432
2635.680330	-0.966921
2636.679871	-1.167968
2637.680375	-1.037248
2638.679781	-1.123381
2639.681666	-1.014548
2640.682552	-0.988809
2641.682463	-0.932265
2642.682017	-1.095616
2643.682262	-1.100074
2644.682370	-0.975028
2645.682403	-0.947870
2646.682373	-1.168982
2647.682079	-1.047381
2648.683406	-1.024682
2649.682935	-0.916456
2650.683578	-0.961854
2651.682715	-1.084266
2652.684351	-1.075349
2653.683911	-1.110410
2654.684070	-0.946249
2655.683680	-1.028937
2656.683716	-1.023060
2657.684617	-0.993471
2658.684347	-1.225323
2659.683818	-0.982729
2660.685151	-0.771954
2661.685088	-1.399010
2662.685340	-1.055082
2663.684633	-1.212555
2664.685181	-1.042922
2665.685466	-0.900040
2666.686158	-0.876125
2667.686497	-1.161078
2668.685687	-1.238294
2669.685726	-1.030356
2670.685633	-0.946451
2671.685983	-0.979081
2672.686031	-1.056702
2673.686321	-1.107573
2674.686640	-0.987390
2675.686634	-0.970569
2676.688530	-1.064607
2677.687899	-1.112842
2678.687748	-1.192896
2679.688980	-0.891731
2680.688818	-0.994484
2681.688850	-1.084265
2682.688984	-1.303755
2683.690439	-1.151957
2684.690122	-0.892744
2685.689852	-0.810258
2686.691006	-0.994078
2687.691142	-1.316523
2688.691509	-1.231809
2689.691588	-0.994281
2690.692355	-0.932062
2691.692321	-0.971582
2692.693566	-1.164320
2693.692799	-1.242347
2694.694431	-1.098858
2695.695493	-0.953342
2696.696394	-0.998131
2697.695654	-0.931251
2698.695755	-1.103924
2699.697016	-1.055081
2700.696848	-1.014954
2701.696804	-0.902877
2702.696698	-1.237685
2703.698642	-1.219040
2704.698780	-0.904701
2705.700512	-1.163914
2706.700035	-1.022655
2707.700353	-1.222485
2708.699690	-1.106154
2709.700013	-0.903486
2710.700148	-0.828701
2711.699828	-1.111221
2712.699684	-1.246401
2713.700598	-1.240523
2714.701363	-1.052041
2715.701728	-0.995294
2716.701704	-0.845320
2717.702245	-1.150132
2718.702294	-1.335574
2719.702062	-0.962665
2720.701725	-0.843496
2721.703314	-0.982526
2722.704202	-1.016980
2723.704153	-1.082847
2724.704914	-1.167765
2725.704826	-0.899027
2726.706451	-1.010697
2727.707563	-1.152160
2728.706690	-1.125407
2729.708329	-0.970367
2730.709538	-1.004414
2731.710215	-1.067445
2732.710169	-1.206069
2733.710470	-1.258966
2734.710092	-1.040287
2735.710719	-0.838835
2736.712369	-1.254304
2737.712669	-1.145066
2738.713237	-1.106154
2739.712874	-1.100682
2740.714276	-0.869640
2741.713661	-0.800530
2742.714122	-1.183167
2743.713795	-1.234240
2744.714444	-1.133312
2745.713706	-1.059540
2746.714435	-1.077374
2747.713751	-1.106762
2748.714553	-1.025492
2749.714495	-1.186816
2750.715383	-1.025897
2751.715764	-1.024884
2752.715728	-1.105546
2753.715769	-1.098655
2754.716201	-1.074740
2755.716530	-1.071295
2756.717604	-0.934089
2757.717318	-1.376311
2758.716820	-1.127434
2759.716906	-1.037247
2760.718444	-0.736284
2761.718279	-0.985566
2762.718540	-1.099466
2763.718186	-1.169589
2764.717694	-0.964286
2765.717735	-0.975028
2766.717750	-0.838024
2767.718663	-1.021844
2768.720238	-1.175669
2769.719738	-1.154186
2770.719699	-0.768711
2771.720931	-0.946451
2772.721329	-0.825661
2773.722229	-1.108991
2774.721659	-1.189045
2775.723542	-1.075146
2776.723153	-0.962260
2777.723208	-0.912200
2778.722927	-1.052852
2779.724495	-1.030356
2780.723989	-1.069471
2781.724207	-0.931859
2782.724825	-0.935507
2783.725180	-1.141215
2784.725551	-1.074335
2785.725302	-1.048393
2786.724998	-1.228971
2787.725831	-0.995700
2788.727245	-1.104938
2789.726769	-0.973811
2790.726663	-1.020425
2791.726709	-1.169184
2792.727871	-0.948478
2793.728412	-1.205664
2794.728570	-1.119732
2795.728205	-0.866194
2796.728051	-0.987998
2797.729095	-0.967326
2798.728683	-1.090751
2799.729178	-1.103722
2800.729267	-0.955571
2801.728654	-0.920712
2802.729242	-1.041098
2803.729901	-1.137973
2804.730100	-0.996510
2805.729630	-1.011710
2806.730128	-0.928414
2807.729692	-0.935912
2808.731215	-1.100074
2809.731985	-1.124800
2810.731981	-1.159050
2811.731637	-1.000969
2812.731708	-0.864776
2813.733181	-1.060148
2814.733484	-0.971582
2815.733191	-0.978878
2816.733002	-1.053258
2817.732865	-0.982526
2818.732777	-0.921726
2819.734509	-1.040692
2820.734519	-1.067039
2821.733957	-1.006238
2822.733742	-1.021236
2823.733829	-1.007657
2824.734103	-1.171413
2825.733969	-1.153781
2826.733773	-0.998132
2827.733708	-0.880179
2828.734390	-1.034815
2829.735579	-1.204245
2830.734803	-1.180331
2831.736394	-1.099263
2832.736287	-0.877544
2833.736094	-0.777426
2834.735997	-1.113653
2835.736372	-1.194720
2836.735903	-1.119125
2837.736934	-0.909768
2838.737387	-0.766076
2839.738257	-1.014750
2840.737650	-1.150133
2841.739434	-1.226133
2842.740336	-0.990633
2843.739996	-1.004212
2844.739897	-1.091562
2845.740058	-1.030761
2846.739635	-0.953139
2847.741503	-1.019615
2848.741286	-0.982121
2849.740981	-1.068457
2850.741171	-1.120340
2851.740934	-1.099668
2852.742416	-0.881192
2853.743214	-1.080618
2854.743321	-1.180128
2855.743396	-0.900648
2856.744401	-1.169183
2857.745248	-1.020628
2858.744940	-0.924969
2859.744871	-1.163306
2860.745468	-1.389889
2861.746025	-1.146484
2862.745860	-1.026303
2863.745942	-0.793234
2864.746574	-1.051433
2865.746183	-1.189247
2866.745730	-1.384619
2867.746000	-0.989011
2868.746634	-1.009278
2869.746867	-1.011508
2870.746768	-1.124393
2871.747502	-1.249642
2872.746755	-1.038665
2873.747992	-1.126826
2874.747793	-0.979689
2875.749465	-1.142836
2876.749480	-1.068052
2877.749933	-0.993673
2878.750930	-1.137365
2879.750732	-1.133514
2880.751250	-1.166954
2881.751326	-1.155199
2882.752438	-0.851805
2883.752429	-0.978472
2884.753533	-1.173845
2885.754351	-1.248427
2886.754332	-1.192693
2887.754522	-1.028937
2888.755531	-0.950099
2889.756592	-0.909565
2890.755805	-1.234848
2891.757236	-1.364960
2892.757607	-0.985566
2893.757111	-0.832349
2894.756720	-0.929832
2895.758084	-1.088521
2896.759586	-1.119124
2897.759392	-0.995699
2898.758918	-1.035828
2899.759494	-1.152362
2900.759575	-1.292406
2901.758799	-1.232011
2902.760555	-0.973406
2903.760456	-1.008874
2904.759814	-0.870248
2905.760374	-1.056905
2906.760259	-1.163509
2907.760220	-1.141621
2908.760921	-0.958814
2909.760930	-0.846941
2910.761347	-1.130676
2911.760784	-1.165130
2912.762587	-0.925577
2913.761745	-1.001780
2914.763439	-1.076970
2915.763019	-1.189856
2916.764380	-1.305174
2917.763999	-0.870451
2918.764088	-0.683185
2919.764442	-0.930035
2920.763950	-1.070687
2921.763908	-1.273153
2922.764173	-1.181141
2923.765524	-0.960435
2924.764647	-0.955369
2925.765232	-1.133109
2926.765440	-1.176885
2927.765440	-1.024073
2928.765494	-0.997524
2929.766502	-1.085076
2930.766442	-1.024681
2931.766308	-1.062986
2932.765929	-1.182762
2933.766533	-0.989417
2934.765933	-1.055284
2935.766306	-1.145066
2936.765962	-1.298891
2937.765807	-1.090346
2938.766100	-1.029140
2939.765863	-0.942398
2940.766486	-1.077172
2941.766575	-1.173440
2942.767590	-1.017993
2943.768274	-0.963070
2944.767824	-0.944829
2945.767634	-1.069268
2946.768202	-1.270922
2947.767894	-1.186410
2948.769239	-1.106761
2949.770552	-0.845117
2950.770075	-1.094602
2951.770116	-1.351383
2952.769965	-0.960637
2953.770027	-1.057310
2954.770555	-1.034814
2955.771587	-1.089129
2956.772189	-1.138783
2957.772573	-1.108789
2958.773237	-1.001779
2959.773631	-0.850792
2960.774162	-0.863965
2961.774051	-1.172426
2962.774418	-1.061161
2963.774450	-1.048798
2964.773750	-1.056905
2965.774339	-1.033193
2966.773915	-1.145876
2967.775349	-1.058323
2968.774757	-0.972797
2969.775556	-0.914631
2970.775917	-1.021438
2971.775786	-1.059539
2972.776157	-1.158847
2973.776461	-1.075956
2974.777421	-0.990227
2975.778228	-1.163306
2976.777963	-1.265653
2977.778049	-1.146484
2978.778000	-0.909565
2979.778387	-1.154591
2980.778271	-1.117908
2981.779561	-0.892136
2982.778931	-1.074132
2983.780118	-1.035422
2984.780532	-0.885650
2985.781450	-1.027518
2986.780927	-1.243360
2987.780907	-1.176885
2988.782467	-1.173439
2989.781665	-1.045556
2990.781856	-0.971177
2991.781830	-1.196138
2992.783514	-1.279637
2993.783170	-1.005224
2994.783414	-1.131284
2995.784243	-0.951315
2996.785041	-1.062985
2997.784635	-1.037246
2998.784936	-1.069673
2999.785538	-0.956989
3000.785127	-1.006035
3001.784899	-1.122569
3002.785319	-1.067444
3003.786213	-1.032990
3004.787326	-1.095614
3005.786638	-0.955571
3006.787292	-1.282880
3007.787169	-1.210528
3008.787691	-0.990025
3009.788398	-0.867815
3010.788157	-0.821810
3011.788285	-0.977662
3012.788216	-1.138580
3013.788465	-1.072511
3014.789478	-1.013940
3015.789628	-0.834781
3016.788700	-1.113247
3017.789026	-1.028329
3018.789185	-1.200191
3019.789595	-1.229173
3020.789011	-1.013128
3021.788718	-0.929224
3022.789015	-0.978067
3023.788972	-1.192490
3024.789362	-0.925576
3025.788908	-1.042515
3026.790475	-0.990835
3027.790472	-1.020425
3028.790335	-1.109599
3029.790231	-0.942397
3030.790249	-0.860114
3031.790191	-1.135337
3032.790630	-1.160063
3033.790976	-1.114666
3034.790751	-0.890109
3035.790791	-0.964488
3036.790762	-0.925576
3037.790880	-1.191476
3038.790965	-1.123380
3039.790820	-1.067646
3040.790734	-1.035219
3041.791105	-0.932871
3042.791280	-1.133918
3043.790670	-1.080617
3044.791479	-1.019816
3045.790968	-1.029950
3046.791125	-0.883421
3047.791453	-1.166751
3048.790765	-1.005629
3049.791068	-1.110207
3050.792518	-0.893757
3051.793618	-1.042920
3052.793808	-0.963880
3053.793814	-1.117705
3054.793926	-1.115273
3055.794403	-0.985768
3056.793791	-1.018195
3057.794003	-1.113044
3058.793869	-0.991240
3059.793932	-0.758779
3060.794014	-1.028733
3061.795194	-1.062579
3062.795164	-1.213567
3063.795069	-1.390091
3064.794970	-1.170601
3065.795574	-0.871463
3066.794872	-1.131689
3067.794858	-1.323819
3068.794918	-1.126015
3069.796191	-1.032179
3070.796196	-0.971582
3071.795636	-0.848967
3072.796759	-1.093182
3073.796890	-1.240927
3074.796826	-1.196948
3075.797103	-1.286324
3076.796903	-1.028531
3077.796920	-0.916050
3078.797394	-1.041502
3079.796690	-1.278015
3080.798569	-0.980499
3081.799554	-0.862546
3082.799372	-1.060350
3083.798923	-1.201407
3084.798791	-1.237684
3085.800381	-0.905309
3086.799684	-0.954152
3087.801607	-1.139390
3088.801150	-1.118719
3089.801573	-1.107369
3090.801561	-0.949288
3091.800940	-0.931656
3092.801949	-1.118719
3093.801960	-1.250047
3094.802215	-1.149727
3095.802542	-1.012926
3096.802063	-0.961042
3097.802250	-1.021640
3098.802832	-1.223295
3099.803626	-1.219444
3100.803490	-0.939559
3101.804499	-1.093385
3102.805368	-1.226336
3103.804662	-1.139796
3104.804717	-1.071496
3105.806422	-0.932466
3106.806102	-0.895783
3107.805705	-1.101289
3108.807187	-1.193706
3109.807130	-1.117300
3110.808614	-0.981715
3111.808146	-1.158239
3112.809515	-1.014345
3113.810620	-1.197151
3114.809944	-1.200191
3115.809672	-0.985160
3116.810278	-0.963677
3117.811221	-1.096019
3118.812489	-1.240927
3119.811979	-1.112233
3120.811670	-0.970568
3121.812541	-0.962461
3122.811989	-1.025693
3123.812138	-1.208906
3124.813132	-1.211946
3125.813286	-0.920509
3126.813698	-1.074334
3127.813669	-1.037651
3128.814283	-1.251466
3129.814532	-1.326655
3130.814457	-0.991037
3131.814164	-0.901053
3132.814214	-1.041502
3133.814553	-1.128852
3134.815179	-1.076360
3135.816099	-0.907335
3136.817358	-0.899229
3137.816750	-1.048190
3138.817211	-1.215594
3139.816663	-1.046366
3140.817310	-0.998334
3141.817528	-0.907741
3142.818185	-1.128852
3143.819247	-1.306591
3144.820292	-1.270111
3145.820011	-1.109396
3146.821514	-1.091155
3147.820738	-1.063389
3148.822382	-1.231401
3149.821879	-1.243156
3150.823260	-0.922536
3151.822858	-0.866396
3152.823565	-0.910172
3153.823267	-1.105139
3154.823229	-1.225727
3155.823630	-1.312469
3156.824528	-1.009277
3157.823734	-0.778641
3158.825152	-1.201812
3159.825964	-1.119123
3160.826550	-0.966312
3161.827369	-1.141417
3162.827303	-0.962056
3163.828543	-1.133108
3164.828089	-1.128446
3165.828598	-0.984552
3166.828577	-0.939154
3167.827874	-1.149929
3168.828157	-1.238698
3169.828468	-1.070280
3170.827783	-0.979485
3171.828389	-0.973405
3172.828362	-1.211743
3173.828109	-1.204041
3174.828404	-1.181748
3175.828222	-0.962055
3176.828153	-0.796881
3177.827669	-1.133107
3178.828132	-1.121758
3179.827846	-1.154590
3180.829370	-1.190665
3181.828957	-0.846940
3182.830379	-0.902674
3183.829644	-1.085886
3184.831019	-1.128851
3185.831337	-1.105747
3186.831238	-1.047784
3187.831003	-0.905106
3188.831979	-0.781884
3189.833554	-1.049608
3190.833116	-0.953949
3191.832930	-0.942600
3192.833471	-1.126825
3193.833043	-1.068862
3194.832959	-1.002995
3195.833587	-0.682374
3196.833039	-1.024883
3197.833219	-1.091560
3198.833542	-1.244980
3199.833446	-1.398197
3200.832983	-0.970770
3201.834622	-0.796273
3202.835463	-1.018600
3203.836412	-1.055891
3204.836448	-1.274773
3205.836374	-1.028733
3206.836351	-0.969554
3207.837565	-0.948477
3208.838440	-0.886460
3209.838378	-1.285513
3210.838397	-1.132297
3211.839613	-1.055688
3212.840254	-1.045960
3213.839984	-0.949490
3214.840195	-1.178708
3215.839836	-1.046163
3216.840075	-1.089939
3217.839743	-1.106963
3218.839705	-1.121555
3219.840363	-1.144052
3220.840312	-1.024477
3221.840532	-1.015357
3222.839894	-1.007656
3223.839791	-1.025085
3224.840386	-1.075144
3225.841267	-0.910375
3226.840653	-1.209311
3227.841286	-1.004413
3228.840866	-1.229577
3229.841391	-1.129459
3230.840749	-1.037245
3231.840930	-0.906322
3232.841169	-0.812689
3233.840946	-1.040488
3234.841722	-1.214985
3235.841718	-1.157428
3236.842031	-1.081630
3237.841860	-0.940370
3238.841732	-0.916252
3239.842206	-0.803569
3240.842234	-1.245993
3241.842379	-1.024275
3242.843266	-0.993671
3243.842667	-1.039678
3244.844111	-1.273962
3245.844373	-1.159859
3246.844544	-1.186611
3247.844191	-1.084062
3248.844343	-1.032381
3249.843997	-1.123988
3250.844064	-1.166953
3251.843959	-1.052445
3252.843639	-0.981106
3253.843879	-1.092979
3254.844085	-1.203230
3255.843935	-1.155603
3256.844566	-1.180329
3257.843815	-0.981714
3258.843958	-1.054472
3259.844568	-1.142632
3260.844535	-1.052242
3261.845511	-0.935708
3262.845436	-0.790193
3263.845358	-0.783910
3264.845082	-1.009885
3265.845663	-1.191070
3266.846606	-1.231401
3267.845638	-1.049203
3268.845818	-0.903687
3269.846204	-0.820998
3270.846461	-1.092168
3271.846141	-1.122569
3272.846402	-1.002386
3273.847346	-0.910781
3274.847362	-1.048797
3275.848563	-1.093790
3276.849542	-0.950909
3277.849493	-1.197353
3278.850036	-1.145673
3279.850296	-0.997725
3280.850150	-1.139390
3281.849967	-1.100275
3282.849801	-1.007250
3283.850448	-1.062376
3284.849950	-1.196947
3285.850133	-1.129865
3286.851562	-1.027517
3287.851135	-1.014749
3288.850698	-0.970365
3289.850943	-1.034002
3290.852454	-1.078184
3291.851882	-1.003400
3292.852014	-0.963474
3293.852016	-0.930642
3294.851707	-0.964690
3295.851663	-1.081427
3296.853115	-1.148105
3297.852731	-0.914833
3298.854500	-0.842481
3299.854007	-0.837820
3300.854002	-1.026098
3301.854246	-1.162291
3302.855374	-1.206878
3303.854654	-1.198772
3304.854860	-0.977661
3305.854999	-0.987389
3306.856430	-1.229780
3307.856141	-1.007048
3308.857598	-1.084062
3309.857375	-1.194921
3310.857492	-0.950301
3311.858127	-1.137769
3312.858266	-1.232820
3313.857711	-0.996712
3314.858305	-1.154590
3315.858567	-0.972391
3316.857643	-1.184788
3317.857745	-0.950706
3318.858449	-0.877746
3319.857678	-0.925170
3320.858047	-0.969757
3321.857886	-1.303146
3322.859305	-1.184991
3323.858949	-0.862748
3324.858772	-0.936317
3325.858958	-1.142228
3326.858963	-1.161075
3327.858850	-1.100275
3328.860273	-0.917469
3329.860483	-0.766683
3330.860294	-0.974013
3331.859802	-1.242750
3332.860005	-1.340842
3333.860538	-1.023261
3334.860172	-0.995698
3335.859996	-0.987388
3336.860141	-1.225524
3337.861583	-1.215998
3338.861135	-0.997725
3339.862401	-1.041096
3340.862109	-1.161075
3341.862512	-1.230590
3342.863322	-1.019816
3343.862724	-1.041907
3344.864402	-1.088317
3345.864616	-1.039272
3346.864446	-1.175465
3347.864478	-1.019816
3348.863913	-0.895175
3349.864419	-0.892135
3350.863667	-1.155401
3351.864292	-1.277609
3352.863836	-1.211742
3353.864457	-0.938951
3354.864059	-0.780465
3355.864779	-0.946855
3356.865539	-1.183368
3357.864914	-1.188233
3358.865246	-1.050216
3359.865298	-1.060349
3360.865352	-1.177086
3361.865445	-1.213566
3362.864805	-1.287135
3363.864731	-1.048189
3364.866376	-0.902066
3365.867350	-1.207284
3366.866829	-1.004413
3367.868481	-1.164115
3368.867889	-0.933276
3369.868342	-1.010695
3370.869517	-1.035826
3371.868699	-1.287541
3372.869231	-1.217011
3373.868644	-1.044338
3374.869022	-0.976039
3375.870513	-1.100883
3376.869974	-1.194516
3377.870467	-1.163102
3378.871330	-1.087710
3379.871319	-0.914631
3380.870737	-1.060552
3381.871351	-1.145470
3382.872249	-1.161683
3383.871678	-1.020829
3384.872066	-0.919698
3385.871737	-0.922130
3386.872445	-1.143240
3387.871846	-1.304767
3388.871823	-1.046365
3389.871705	-0.972189
3390.872155	-1.171411
3391.871821	-1.058930
3392.872295	-1.177289
3393.872688	-1.088317
3394.873117	-0.867612
3395.872674	-0.949084
3396.874515	-1.079400
