#lab INRiM MiCb
#hv keithley6487
#s CNTArO2Etching_Strongnew
#t 2.7 
#d 0.5
#N 20
#dbm 2
#
#Voltage	Current	SD
#V	pA	pA
90.000000	1270.440000	1.017027
89.800000	1229.439000	0.936067
89.600000	1184.473000	0.888757
89.400000	1145.050000	1.238152
89.200000	1102.137000	1.400528
89.000000	1055.755000	0.782433
88.800000	929.994000	3.681697
88.600000	835.336400	0.685426
88.400000	796.881100	0.632188
88.200000	770.297400	0.468937
88.000000	743.413200	0.469978
87.800000	713.183500	0.675041
87.600000	689.992600	0.430175
87.400000	664.801000	0.563878
87.200000	641.475900	0.348998
87.000000	618.014000	0.440264
86.800000	593.399700	0.436899
86.600000	570.116800	0.584707
86.400000	538.419300	1.690112
86.200000	469.159500	3.087405
86.000000	415.532700	0.435163
85.800000	395.428600	0.413317
85.600000	379.969600	0.424749
85.400000	363.268000	0.386430
85.200000	348.893400	0.502307
85.000000	335.005400	0.350417
84.800000	320.972500	0.297230
84.600000	308.532800	0.439516
84.400000	294.406600	0.281225
84.200000	281.639400	1.273075
84.000000	269.196100	1.072183
83.800000	257.460600	0.347296
83.600000	237.859400	0.369083
83.400000	194.484500	0.291797
83.200000	186.783200	0.257395
83.000000	178.596100	0.265056
82.800000	171.807800	0.263184
82.600000	163.895500	0.283608
82.400000	155.905700	1.092203
82.200000	149.011400	0.382486
82.000000	142.206500	0.274128
81.800000	136.663400	0.232519
81.600000	130.188200	0.264761
81.400000	123.069500	0.430828
81.200000	117.999400	0.251225
81.000000	110.611600	0.437569
80.800000	97.726740	0.477241
80.600000	77.665800	0.255748
80.400000	74.067500	0.252889
80.200000	70.012340	0.247888
80.000000	67.095920	0.240841
79.800000	64.434200	0.556311
79.600000	60.744480	0.317462
79.400000	58.551920	0.279777
79.200000	55.206430	0.263067
79.000000	52.983680	0.255471
78.800000	49.484710	0.259248
78.600000	46.509380	0.291990
78.400000	44.664620	0.283889
78.200000	42.194810	0.268827
78.000000	40.517490	0.219040
77.800000	28.634960	0.229774
77.600000	27.026400	0.240291
77.400000	25.615560	0.233087
77.200000	24.375060	0.262514
77.000000	23.127000	0.230413
76.800000	21.862100	0.231803
76.600000	20.543120	0.235912
76.400000	19.345540	0.197618
76.200000	18.412860	0.207887
76.000000	17.599060	0.217294
75.800000	16.579070	0.225507
75.600000	14.949610	0.247465
75.400000	13.571420	0.263706
75.200000	9.357697	0.244556
75.000000	8.012031	0.187594
74.800000	7.419509	0.221002
74.600000	6.907913	0.202335
74.400000	6.547280	0.182059
74.200000	6.212788	0.217354
74.000000	5.969326	0.218714
73.800000	5.594549	0.233967
73.600000	5.374190	0.209514
73.400000	5.019758	0.223366
73.200000	4.841377	0.217502
73.000000	4.638355	0.229124
72.800000	4.348659	0.200993
72.600000	4.130437	0.203999
72.400000	2.821036	0.215757
72.200000	2.651450	0.193320
72.000000	2.486444	0.226269
71.800000	2.385474	0.220777
71.600000	2.291516	0.193131
71.400000	2.117036	0.205240
71.200000	2.065634	0.194093
71.000000	1.901874	0.194477
70.800000	1.867008	0.204834
70.600000	1.750648	0.221565
70.400000	1.642717	0.200793
70.200000	1.581406	0.208991
70.000000	1.490893	0.208717
69.800000	1.415650	0.211954
69.600000	1.339474	0.205964
69.400000	1.176353	0.187006
69.200000	0.798130	0.200284
69.000000	0.727984	0.204161
68.800000	0.673927	0.223723
68.600000	0.660107	0.256240
68.400000	0.614896	0.231097
68.200000	0.569573	0.244841
68.000000	0.558185	0.223733
67.800000	0.509407	0.250879
67.600000	0.506925	0.226484
67.400000	0.483519	0.238861
67.200000	0.445178	0.255080
67.000000	0.447883	0.213182
66.800000	0.399136	0.215667
66.600000	0.360187	0.204885
66.400000	0.270989	0.217413
66.200000	0.241281	0.206275
66.000000	0.246317	0.183476
65.800000	0.250937	0.200325
65.600000	0.209879	0.208187
65.400000	0.237795	0.197486
65.200000	0.199512	0.210622
65.000000	0.228209	0.221332
64.800000	0.206798	0.216569
64.600000	0.209647	0.187007
64.400000	0.208309	0.189385
64.200000	0.184385	0.201940
64.000000	0.196719	0.150903
63.800000	0.162509	0.188121
63.600000	0.178488	0.198515
63.400000	0.169177	0.184034
63.200000	0.181599	0.186113
63.000000	0.194214	0.189830
62.800000	0.141868	0.196842
62.600000	0.174041	0.165124
62.400000	0.175671	0.197825
62.200000	0.171405	0.204101
62.000000	0.170412	0.210854
61.800000	0.153015	0.177216
61.600000	0.168629	0.173952
61.400000	0.138728	0.176570
61.200000	0.180475	0.166404
61.000000	0.145334	0.193921
60.800000	0.167939	0.197336
60.600000	0.172490	0.173324
60.400000	0.152549	0.171159
60.200000	0.180647	0.168092
60.000000	0.154676	0.192872
59.800000	0.157068	0.187642
59.600000	0.174445	0.191863
59.400000	0.145963	0.172391
59.200000	0.177972	0.166663
59.000000	0.154646	0.171427
58.800000	0.162905	0.175328
58.600000	0.179542	0.174063
58.400000	0.155407	0.157717
58.200000	0.166958	0.164136
58.000000	0.147402	0.162190
57.800000	0.170221	0.160274
57.600000	0.160807	0.174439
57.400000	0.175612	0.155747
57.200000	0.186069	0.148513
57.000000	0.146744	0.144136
56.800000	0.167192	0.135571
56.600000	0.166979	0.164957
56.400000	0.148384	0.184757
56.200000	0.166269	0.166178
56.000000	0.158051	0.183701
55.800000	0.167030	0.162102
55.600000	0.155335	0.175351
55.400000	0.153036	0.162031
55.200000	0.148253	0.163382
55.000000	0.150593	0.198589
54.800000	0.178103	0.179125
54.600000	0.138738	0.179700
54.400000	0.175045	0.145881
54.200000	0.163259	0.184362
54.000000	0.165103	0.187482
53.800000	0.160624	0.215384
53.600000	0.178124	0.175259
53.400000	0.173118	0.195576
53.200000	0.151192	0.160324
53.000000	0.166391	0.168389
52.800000	0.164131	0.183641
52.600000	0.155093	0.166533
52.400000	0.141748	0.143924
52.200000	0.169065	0.175745
52.000000	0.179005	0.167653
51.800000	0.151790	0.152493
51.600000	0.178093	0.181764
51.400000	0.136114	0.150443
51.200000	0.172917	0.162402
51.000000	0.155538	0.167471
50.800000	0.160210	0.157818
50.600000	0.177182	0.181282
50.400000	0.159409	0.162057
50.200000	0.153949	0.145623
50.000000	0.162500	0.149333
49.800000	0.168792	0.180659
49.600000	0.163979	0.157899
49.400000	0.145356	0.157329
49.200000	0.159480	0.159165
49.000000	0.157008	0.158130
48.800000	0.157940	0.166564
48.600000	0.167993	0.135928
48.400000	0.149409	0.141521
48.200000	0.172887	0.140053
48.000000	0.142396	0.162600
47.800000	0.147605	0.151103
47.600000	0.166512	0.160405
47.400000	0.148973	0.145296
47.200000	0.189748	0.157674
47.000000	0.133845	0.159428
46.800000	0.175703	0.149607
46.600000	0.142742	0.125763
46.400000	0.170009	0.141137
46.200000	0.144869	0.139999
46.000000	0.149156	0.123761
45.800000	0.162603	0.117393
45.600000	0.153026	0.155287
45.400000	0.170688	0.148586
45.200000	0.150696	0.145386
45.000000	0.157303	0.134547
44.800000	0.161863	0.135388
44.600000	0.159846	0.144321
44.400000	0.172238	0.131874
44.200000	0.168500	0.139170
44.000000	0.186545	0.161734
43.800000	0.157677	0.148599
43.600000	0.160820	0.119448
43.400000	0.174134	0.122618
43.200000	0.157516	0.125201
43.000000	0.173475	0.131316
42.800000	0.167495	0.143293
42.600000	0.172350	0.124423
42.400000	0.162278	0.139561
42.200000	0.174651	0.128082
42.000000	0.164022	0.120250
41.800000	0.169077	0.143182
41.600000	0.160971	0.129956
41.400000	0.168905	0.126803
41.200000	0.165612	0.135824
41.000000	0.161934	0.135180
40.800000	0.162683	0.136481
40.600000	0.168277	0.119569
40.400000	0.170010	0.132388
40.200000	0.161164	0.119713
40.000000	0.157130	0.146908
39.800000	0.158156	0.098230
39.600000	0.182767	0.105993
39.400000	0.173617	0.113744
39.200000	0.171399	0.105974
39.000000	0.155459	0.129306
38.800000	0.145844	0.094113
38.600000	0.150859	0.111390
38.400000	0.153685	0.132426
38.200000	0.171195	0.120912
38.000000	0.142924	0.136673
37.800000	0.159025	0.151299
37.600000	0.185735	0.135025
37.400000	0.165268	0.126525
37.200000	0.158012	0.119576
37.000000	0.147050	0.104360
36.800000	0.158114	0.121603
36.600000	0.147009	0.124900
36.400000	0.175684	0.119233
36.200000	0.184956	0.114776
36.000000	0.154528	0.091765
35.800000	0.167872	0.116238
35.600000	0.164598	0.138005
35.400000	0.162025	0.118987
35.200000	0.188897	0.135279
35.000000	0.170496	0.116752
34.800000	0.166981	0.100345
34.600000	0.151193	0.139858
34.400000	0.172949	0.102007
34.200000	0.151943	0.120835
34.000000	0.173364	0.113526
33.800000	0.159917	0.127207
33.600000	0.159148	0.122163
33.400000	0.174286	0.122015
33.200000	0.162937	0.115266
33.000000	0.175653	0.128212
32.800000	0.153433	0.135901
32.600000	0.159391	0.109417
32.400000	0.176638	0.108464
32.200000	0.151842	0.105437
32.000000	0.167082	0.112183
31.800000	0.165106	0.112355
31.600000	0.171652	0.108185
31.400000	0.169544	0.122251
31.200000	0.172645	0.104588
31.000000	0.179333	0.113007
30.800000	0.153028	0.107113
30.600000	0.176769	0.097315
30.400000	0.164003	0.095928
30.200000	0.170669	0.095028
30.000000	0.167274	0.121767
29.800000	0.166089	0.106661
29.600000	0.160304	0.098592
29.400000	0.151113	0.095600
29.200000	0.183213	0.095202
29.000000	0.160557	0.109408
28.800000	0.166981	0.099290
28.600000	0.157598	0.105026
28.400000	0.152319	0.090290
28.200000	0.147668	0.093422
28.000000	0.153777	0.119443
27.800000	0.159725	0.106838
27.600000	0.154326	0.076972
27.400000	0.159432	0.100109
27.200000	0.157446	0.093186
27.000000	0.156159	0.126193
26.800000	0.158925	0.093160
26.600000	0.166718	0.089442
26.400000	0.166282	0.093920
26.200000	0.156088	0.111341
26.000000	0.155450	0.084889
25.800000	0.165593	0.100324
25.600000	0.136665	0.076477
25.400000	0.166140	0.115831
25.200000	0.170487	0.093332
25.000000	0.161125	0.086086
24.800000	0.166323	0.086180
24.600000	0.151863	0.099812
24.400000	0.155227	0.091156
24.200000	0.158034	0.106331
24.000000	0.158753	0.095941
23.800000	0.158500	0.084929
23.600000	0.168887	0.084699
23.400000	0.146736	0.090699
23.200000	0.148398	0.084039
23.000000	0.158359	0.083799
22.800000	0.153484	0.111369
22.600000	0.161105	0.087595
22.400000	0.169058	0.090794
22.200000	0.149300	0.075215
22.000000	0.165016	0.092945
21.800000	0.158894	0.115913
21.600000	0.168248	0.085609
21.400000	0.155927	0.065548
21.200000	0.149249	0.084611
21.000000	0.165492	0.100528
20.800000	0.161864	0.101847
20.600000	0.170021	0.089638
20.400000	0.160700	0.070411
20.200000	0.147912	0.081979
20.000000	0.170964	0.073255
19.800000	0.145612	0.080150
19.600000	0.152350	0.084023
19.400000	0.170112	0.089103
19.200000	0.167134	0.072944
19.000000	0.146929	0.083232
18.800000	0.173487	0.064850
18.600000	0.159362	0.070139
18.400000	0.173609	0.074272
18.200000	0.157335	0.072819
18.000000	0.176000	0.076627
17.800000	0.173447	0.067178
17.600000	0.158308	0.083137
17.400000	0.169667	0.074335
17.200000	0.148450	0.067578
17.000000	0.159858	0.084121
16.800000	0.165948	0.088568
16.600000	0.188210	0.076956
16.400000	0.145217	0.074479
16.200000	0.162128	0.073569
16.000000	0.159371	0.092306
15.800000	0.160881	0.098276
15.600000	0.174753	0.073847
15.400000	0.156028	0.079609
15.200000	0.163892	0.071207
15.000000	0.160658	0.089165
14.800000	0.148236	0.068382
14.600000	0.162483	0.063534
14.400000	0.157710	0.083235
14.200000	0.149442	0.060635
14.000000	0.159342	0.065335
13.800000	0.166323	0.071825
13.600000	0.147395	0.079471
13.400000	0.143586	0.065482
13.200000	0.160629	0.068619
13.000000	0.167427	0.075345
12.800000	0.149797	0.065095
12.600000	0.167397	0.080280
12.400000	0.151833	0.082296
12.200000	0.167682	0.058866
12.000000	0.154995	0.056785
11.800000	0.157853	0.044369
11.600000	0.154580	0.062118
11.400000	0.159312	0.049180
11.200000	0.165968	0.082680
11.000000	0.165452	0.060080
10.800000	0.137931	0.074173
10.600000	0.145531	0.065317
10.400000	0.169657	0.059322
10.200000	0.148703	0.067037
10.000000	0.169292	0.066967
9.800000	0.158319	0.056920
9.600000	0.128954	0.058095
9.400000	0.137040	0.062478
9.200000	0.146565	0.068078
9.000000	0.179465	0.064363
8.800000	0.166577	0.056826
8.600000	0.171015	0.057376
8.400000	0.172383	0.082276
8.200000	0.145673	0.066059
8.000000	0.150679	0.066167
7.800000	0.144468	0.056331
7.600000	0.154580	0.053212
7.400000	0.151317	0.055330
7.200000	0.148571	0.048645
7.000000	0.152077	0.075062
6.800000	0.149332	0.040798
6.600000	0.152249	0.057856
6.400000	0.174156	0.064305
6.200000	0.181604	0.058159
6.000000	0.178047	0.058538
5.800000	0.174663	0.052445
5.600000	0.155968	0.060062
5.400000	0.137020	0.051916
5.200000	0.160781	0.078640
5.000000	0.178949	0.044097
4.800000	0.157883	0.056709
4.600000	0.152847	0.073408
4.400000	0.176315	0.062632
4.200000	0.137871	0.064204
4.000000	0.157042	0.054470
3.800000	0.163274	0.062835
3.600000	0.159768	0.059929
3.400000	0.156170	0.062006
3.200000	0.192506	0.058080
3.000000	0.168948	0.055381
2.800000	0.175453	0.073499
2.600000	0.169414	0.062772
2.400000	0.180013	0.067348
2.200000	0.159373	0.056239
2.000000	0.152918	0.061590
1.800000	0.177925	0.058899
1.600000	0.164409	0.060402
1.400000	0.159474	0.052379
1.200000	0.162524	0.056586
1.000000	0.147427	0.056401
0.800000	0.165452	0.060082
0.600000	0.154509	0.064349
0.400000	0.162504	0.061468
0.200000	0.144883	0.065924
0.000000	0.170002	0.049543
