#lab INRiM MiCa
#hv keithley6487
#s CNTArO2Etching_AsGrown
#t 2.7 
#d 1.5
#N 20
#dbm 2
#
#Voltage	Current	SD
#V	pA
290.000000	-0.018899	0.557206
290.200000	0.204891	0.656602
290.400000	0.207802	0.594693
290.600000	0.236562	0.522750
290.800000	0.218575	0.535360
291.000000	0.095510	0.550919
291.200000	0.124451	0.459040
291.400000	0.040755	0.595433
291.600000	0.109456	0.630862
291.800000	0.157904	0.396413
292.000000	0.146444	0.616872
292.200000	0.218358	0.375856
292.400000	0.136701	0.500018
292.600000	0.174438	0.475469
292.800000	0.140874	0.529543
293.000000	0.040207	0.647296
293.200000	0.109618	0.442358
293.400000	0.059610	0.670742
293.600000	0.159632	0.507368
293.800000	0.160856	0.554348
294.000000	0.161023	0.434942
294.200000	0.168552	0.412276
294.400000	0.047110	0.560643
294.600000	0.079542	0.435980
294.800000	0.132436	0.474239
295.000000	0.144924	0.387877
295.200000	0.231888	0.557891
295.400000	0.201471	0.512119
295.600000	0.153075	0.484010
295.800000	0.127787	0.450418
296.000000	0.066764	0.396722
296.200000	0.104112	0.501868
296.400000	0.102589	0.356055
296.600000	0.154606	0.488117
296.800000	0.177652	0.411743
297.000000	0.153950	0.416530
297.200000	0.192823	0.400948
297.400000	0.141702	0.347534
297.600000	0.131578	0.385457
297.800000	0.095504	0.383518
298.000000	0.101208	0.388055
298.200000	0.123615	0.337957
298.400000	0.101900	0.342697
298.600000	0.150695	0.466488
298.800000	0.119692	0.357715
299.000000	0.173878	0.512292
299.200000	0.185491	0.537590
299.400000	0.095331	0.432915
299.600000	0.042373	0.419814
299.800000	0.051261	0.395967
300.000000	0.064619	0.355403
300.200000	0.073636	0.348310
300.400000	0.107672	0.426626
300.600000	0.104238	0.411679
300.800000	0.098697	0.324435
301.000000	0.061984	0.340146
301.200000	0.081303	0.486438
301.400000	0.093986	0.319447
301.600000	0.126398	0.393021
301.800000	0.155067	0.589551
302.000000	0.092830	0.340101
302.200000	0.098299	0.410928
302.400000	0.055782	0.374844
302.600000	0.066331	0.334399
302.800000	0.062530	0.402302
303.000000	0.031197	0.475731
303.200000	0.087399	0.324598
303.400000	0.102619	0.350648
303.600000	0.092975	0.511123
303.800000	0.049497	0.424161
304.000000	0.047046	0.409627
304.200000	0.069450	0.397271
304.400000	0.071813	0.343560
304.600000	0.058128	0.483634
304.800000	0.073089	0.332668
305.000000	0.098817	0.384184
305.200000	0.093900	0.460529
305.400000	0.065974	0.409634
305.600000	0.027047	0.528241
305.800000	0.020165	0.333807
306.000000	0.038354	0.320196
306.200000	0.051767	0.454211
306.400000	0.041046	0.462942
306.600000	0.066988	0.387450
306.800000	0.077719	0.421198
307.000000	0.042205	0.354853
307.200000	0.035002	0.278274
307.400000	0.028806	0.419628
307.600000	0.023819	0.436909
307.800000	0.034847	0.348038
308.000000	0.004123	0.379095
308.200000	0.049597	0.487804
308.400000	0.020216	0.297060
308.600000	-0.060864	0.451452
308.800000	-0.059993	0.435036
309.000000	-0.052786	0.370486
309.200000	-0.035755	0.459420
309.400000	-0.060102	0.358213
309.600000	-0.077625	0.484716
309.800000	-0.046774	0.354232
310.000000	-0.065552	0.310202
310.200000	-0.068094	0.312282
310.400000	-0.095563	0.471992
310.600000	-0.068006	0.408877
310.800000	-0.062947	0.358668
311.000000	-0.117025	0.456007
311.200000	-0.073790	0.290088
311.400000	-0.081381	0.361849
311.600000	-0.087767	0.349749
311.800000	-0.072200	0.350295
312.000000	-0.102733	0.400022
312.200000	-0.079577	0.305752
312.400000	-0.101888	0.308523
312.600000	-0.079800	0.315239
312.800000	-0.088435	0.350785
313.000000	-0.116108	0.386622
313.200000	-0.092309	0.447171
313.400000	-0.104514	0.313210
313.600000	-0.106256	0.303355
313.800000	-0.097909	0.334767
314.000000	-0.135899	0.366508
314.200000	-0.164112	0.421866
314.400000	-0.206974	0.328077
314.600000	-0.196539	0.402815
314.800000	-0.193224	0.398605
315.000000	-0.177071	0.359110
315.200000	-0.173585	0.386244
315.400000	-0.202160	0.386827
315.600000	-0.232483	0.457893
315.800000	-0.209589	0.419181
316.000000	-0.203598	0.323004
316.200000	-0.224447	0.450939
316.400000	-0.226342	0.427895
316.600000	-0.234385	0.393079
316.800000	-0.233840	0.408847
317.000000	-0.229458	0.313309
317.200000	-0.286139	0.436430
317.400000	-0.288389	0.472779
317.600000	-0.284088	0.345534
317.800000	-0.282246	0.362546
318.000000	-0.313287	0.513769
318.200000	-0.309811	0.512464
318.400000	-0.270378	0.304707
318.600000	-0.420122	0.377024
318.800000	-0.426192	0.364709
319.000000	-0.420029	0.310912
319.200000	-0.450582	0.331393
319.400000	-0.439488	0.413048
319.600000	-0.483861	0.366122
319.800000	-0.510330	0.383714
320.000000	-0.522328	0.312672
320.200000	-0.521913	0.372751
320.400000	-0.521639	0.360713
320.600000	-0.513441	0.341662
320.800000	-0.528925	0.320634
321.000000	-0.529411	0.323401
321.200000	-0.525733	0.350340
321.400000	-0.557957	0.349519
321.600000	-0.585592	0.349817
321.800000	-0.581194	0.328882
322.000000	-0.554380	0.363997
322.200000	-0.563439	0.324460
322.400000	-0.589454	0.409133
322.600000	-0.606285	0.426598
322.800000	-0.641590	0.445976
323.000000	-0.650002	0.385964
323.200000	-0.639188	0.374826
323.400000	-1.829225	0.392231
323.600000	-2.046185	0.378720
323.800000	-2.209295	0.406624
324.000000	-2.256852	0.389931
324.200000	-2.308300	0.358828
324.400000	-2.335276	0.385765
324.600000	-2.360427	0.362147
324.800000	-2.329743	0.353286
325.000000	-2.412534	0.452360
325.200000	-2.446015	0.423183
325.400000	-2.451051	0.367132
325.600000	-2.456756	0.307894
325.800000	-2.479880	0.421757
326.000000	-2.611718	0.373065
326.200000	-2.641693	0.447433
326.400000	-2.676654	0.381402
326.600000	-2.775669	0.414182
326.800000	-2.979516	0.308944
327.000000	-3.625035	0.444007
327.200000	-3.627295	0.427582
327.400000	-3.659834	0.395699
327.600000	-3.707785	0.382883
327.800000	-3.758857	0.418656
328.000000	-3.739371	0.336962
328.200000	-3.736310	0.368954
328.400000	-3.777402	0.349618
328.600000	-3.810670	0.394399
328.800000	-3.821847	0.355915
329.000000	-3.818119	0.329809
329.200000	-3.879731	0.282211
329.400000	-3.877552	0.361038
329.600000	-3.886398	0.329501
329.800000	-3.947401	0.343207
330.000000	-4.011638	0.332402
330.200000	-4.026981	0.291890
330.400000	-4.038167	0.327054
330.600000	-4.057847	0.330757
330.800000	-4.067280	0.307954
331.000000	-4.103264	0.307268
331.200000	-4.107510	0.377077
331.400000	-4.154460	0.353116
331.600000	-4.190048	0.323084
331.800000	-4.219497	0.334125
332.000000	-4.326720	0.316879
332.200000	-4.460514	0.292232
332.400000	-4.604349	0.361237
332.600000	-4.725191	0.338479
332.800000	-4.999811	0.287479
333.000000	-5.035684	0.362801
333.200000	-5.194801	0.331155
333.400000	-5.221350	0.313615
333.600000	-5.223275	0.299798
333.800000	-5.249755	0.325809
334.000000	-5.248609	0.321064
334.200000	-5.279871	0.351039
334.400000	-5.330143	0.365463
334.600000	-5.398778	0.334257
334.800000	-5.438450	0.371694
335.000000	-5.414951	0.372591
335.200000	-5.454269	0.357748
335.400000	-5.523775	0.401195
335.600000	-5.554124	0.320985
335.800000	-5.610163	0.324377
336.000000	-5.641374	0.280089
336.200000	-5.631605	0.358309
336.400000	-5.671035	0.383894
336.600000	-5.712267	0.349663
336.800000	-5.768225	0.355303
337.000000	-5.988520	0.341270
337.200000	-6.003435	0.321819
337.400000	-6.139802	0.358265
337.600000	-7.001752	0.302542
337.800000	-9.824828	0.351455
338.000000	-9.949126	0.383015
338.200000	-9.977710	0.344421
338.400000	-10.052950	0.328866
338.600000	-10.109160	0.338785
338.800000	-10.177960	0.360474
339.000000	-10.261730	0.379935
339.200000	-10.301320	0.367231
339.400000	-10.725420	0.354352
339.600000	-10.753670	0.369491
339.800000	-10.794820	0.307046
340.000000	-10.899610	0.404502
340.200000	-10.949900	0.390378
340.400000	-11.101120	0.374891
340.600000	-11.320340	0.370497
340.800000	-11.403840	0.371031
341.000000	-11.495340	0.397507
341.200000	-12.012850	0.387357
341.400000	-12.120410	0.387019
341.600000	-12.160830	0.347187
341.800000	-12.363550	0.400877
342.000000	-12.407290	0.298161
342.200000	-12.439770	0.322753
342.400000	-12.545030	0.356241
342.600000	-12.754190	0.403755
342.800000	-13.041150	0.337796
343.000000	-13.142540	0.360204
343.200000	-13.186840	0.342511
343.400000	-13.245820	0.307963
343.600000	-13.321790	0.341137
343.800000	-13.406490	0.330543
344.000000	-13.474230	0.362478
344.200000	-13.517480	0.398359
344.400000	-13.821850	0.352220
344.600000	-13.825780	0.311537
344.800000	-13.870430	0.384076
345.000000	-13.971820	0.352636
345.200000	-14.043090	0.384388
345.400000	-14.135520	0.359169
345.600000	-14.244110	0.341518
345.800000	-14.459070	0.351988
346.000000	-14.614690	0.381605
346.200000	-14.774820	0.356901
346.400000	-14.799650	0.369773
346.600000	-14.840420	0.340793
346.800000	-16.264970	0.337036
347.000000	-18.678280	0.307625
347.200000	-22.428930	0.348853
347.400000	-22.936180	0.348761
347.600000	-23.409510	0.325909
347.800000	-23.608940	0.325636
348.000000	-23.626410	0.334702
348.200000	-23.686110	0.347649
348.400000	-24.025110	0.396172
348.600000	-24.203370	0.352955
348.800000	-24.322210	0.300576
349.000000	-24.373700	0.321086
349.200000	-24.823960	0.343994
349.400000	-24.900170	0.380622
349.600000	-25.064150	0.385497
349.800000	-25.179650	0.279934
350.000000	-25.209500	0.306534
350.200000	-25.344630	0.343563
350.400000	-25.675600	0.344921
350.600000	-25.769210	0.372387
350.800000	-25.915690	0.360663
351.000000	-25.945120	0.307273
351.200000	-26.046720	0.358135
351.400000	-26.130220	0.318018
351.600000	-26.336000	0.361477
351.800000	-26.423940	0.383794
352.000000	-26.877430	0.319633
352.200000	-27.006710	0.292452
352.400000	-27.077190	0.352927
352.600000	-27.223510	0.384390
352.800000	-27.389130	0.347506
353.000000	-27.559400	0.327457
353.200000	-28.145730	0.280329
353.400000	-28.374650	0.319017
353.600000	-28.975110	0.391769
353.800000	-29.497890	0.357541
354.000000	-29.628220	0.345903
354.200000	-29.924130	0.324835
354.400000	-30.127830	0.305135
354.600000	-30.174480	0.347252
354.800000	-30.303120	0.334515
355.000000	-30.593290	0.309208
355.200000	-30.723300	0.359259
355.400000	-31.188590	0.365496
355.600000	-31.420030	0.313722
355.800000	-31.828590	0.326633
356.000000	-31.888800	0.298499
356.200000	-31.917850	0.410934
356.400000	-31.968830	0.389211
356.600000	-32.159350	0.314253
356.800000	-32.372970	0.329274
357.000000	-32.678210	0.375100
357.200000	-32.842900	0.354356
357.400000	-33.035370	0.365649
357.600000	-33.133320	0.392646
357.800000	-33.772400	0.334249
358.000000	-42.319170	0.344466
358.200000	-49.144780	0.362830
358.400000	-50.043230	0.357628
358.600000	-50.272600	0.385443
358.800000	-50.509400	0.367878
359.000000	-50.805380	0.334564
359.200000	-51.814070	0.348669
359.400000	-52.080770	0.340558
359.600000	-52.200750	0.343641
359.800000	-52.725170	0.350078
360.000000	-52.905720	0.354473
360.200000	-53.045510	0.357970
360.400000	-53.446640	0.332065
360.600000	-53.649240	0.355693
360.800000	-53.940100	0.338669
361.000000	-54.217160	0.389094
361.200000	-55.011030	0.372043
361.400000	-55.724820	0.403304
361.600000	-58.102730	0.313956
361.800000	-58.390410	0.357755
362.000000	-59.109160	0.405653
362.200000	-59.718020	0.455683
362.400000	-60.520880	0.498529
362.600000	-61.319130	0.369195
362.800000	-61.872280	0.370355
363.000000	-62.670310	0.439434
363.200000	-63.123240	0.511875
363.400000	-65.057650	0.470343
363.600000	-65.737650	0.363170
363.800000	-66.679430	0.326839
364.000000	-67.757360	0.325470
364.200000	-69.400540	0.467016
364.400000	-69.594390	0.423427
364.600000	-69.927620	0.434378
364.800000	-70.316790	0.386484
365.000000	-70.973560	0.385967
365.200000	-71.438650	0.345171
365.400000	-75.100070	0.411673
365.600000	-75.835170	0.394306
365.800000	-77.034540	0.343977
366.000000	-77.925360	0.383809
366.200000	-78.526300	0.397541
366.400000	-79.003470	0.431728
366.600000	-79.866310	0.374571
366.800000	-80.279170	0.436242
367.000000	-81.292330	0.399055
367.200000	-81.749230	0.356073
367.400000	-83.022230	0.390407
367.600000	-84.545890	0.385636
367.800000	-85.450060	0.408302
368.000000	-85.678890	0.398400
368.200000	-86.158990	0.447969
368.400000	-87.358600	0.296937
368.600000	-88.093390	0.322050
368.800000	-89.023740	0.417187
369.000000	-111.761400	0.427037
369.200000	-129.851800	0.394854
369.400000	-137.681600	0.385722
369.600000	-139.443700	0.376449
369.800000	-140.742200	0.368957
370.000000	-142.187000	0.456949
370.200000	-142.648600	0.395666
370.400000	-143.338500	0.388023
370.600000	-143.844300	0.387679
370.800000	-144.756300	0.382411
371.000000	-147.471000	0.360451
371.200000	-149.992900	0.454213
371.400000	-151.315300	0.449064
371.600000	-152.635900	0.385712
371.800000	-153.438300	0.358849
372.000000	-154.147900	0.431110
372.200000	-154.457000	0.452692
372.400000	-155.093500	0.429188
372.600000	-156.506000	0.457372
372.800000	-158.875300	0.411513
373.000000	-162.228100	0.424286
373.200000	-164.222400	0.389672
373.400000	-165.364800	0.496902
373.600000	-167.521700	0.461899
373.800000	-168.576400	0.410369
374.000000	-171.912500	0.423658
374.200000	-173.729300	0.306068
374.400000	-178.101200	0.382978
374.600000	-181.838400	0.414025
374.800000	-187.269900	0.468214
375.000000	-191.035500	0.346798
375.200000	-192.463100	0.269597
375.400000	-193.525400	0.363279
375.600000	-194.228400	0.438094
375.800000	-194.821000	0.389262
376.000000	-196.958200	0.379337
376.200000	-198.808700	0.319238
376.400000	-200.251700	0.311327
376.600000	-201.607200	0.365339
376.800000	-202.754900	0.368255
377.000000	-205.985900	0.359522
377.200000	-208.040000	0.382837
377.400000	-208.943200	0.382835
377.600000	-212.325500	0.306325
377.800000	-213.659400	0.359250
378.000000	-214.728900	0.390798
378.200000	-215.928400	0.373062
378.400000	-216.666700	0.353670
378.600000	-217.843200	0.392197
378.800000	-221.160400	0.336095
379.000000	-226.933900	0.380705
379.200000	-258.347100	0.382454
379.400000	-279.864200	0.381419
379.600000	-290.930500	0.349617
379.800000	-298.142900	0.323942
380.000000	-302.232900	0.347619
380.200000	-306.637200	0.396806
380.400000	-309.673400	0.407789
380.600000	-313.732600	0.367000
380.800000	-317.914500	0.355221
381.000000	-323.707300	0.343223
381.200000	-328.675700	0.428340
381.400000	-333.098400	0.409991
381.600000	-335.656600	0.371424
381.800000	-338.341300	0.384096
382.000000	-339.819800	0.378237
382.200000	-342.830400	0.367045
382.400000	-346.324200	0.396183
382.600000	-348.272400	0.388293
382.800000	-349.866800	0.331297
383.000000	-351.612500	0.380756
383.200000	-353.014200	0.386804
383.400000	-353.981900	0.332487
383.600000	-356.676800	0.366470
383.800000	-359.728500	0.440934
384.000000	-362.502600	0.398085
384.200000	-365.332600	0.384577
384.400000	-369.717500	0.375815
384.600000	-374.757800	0.354760
384.800000	-379.539200	0.402561
385.000000	-382.038200	0.423901
385.200000	-384.839100	0.400180
385.400000	-386.143900	0.381530
385.600000	-388.872200	0.383344
385.800000	-391.155400	0.346525
386.000000	-392.977400	0.363710
386.200000	-394.550300	0.398279
386.400000	-398.141400	0.369159
386.600000	-401.263600	0.350392
386.800000	-404.228100	0.343578
387.000000	-405.482500	0.396351
387.200000	-407.578200	0.375849
387.400000	-409.457100	0.397039
387.600000	-411.384500	0.349081
387.800000	-412.829300	0.360674
388.000000	-414.405400	0.347271
388.200000	-415.634100	0.383359
388.400000	-419.158200	0.380016
388.600000	-426.450700	0.411931
388.800000	-433.338900	0.361605
389.000000	-438.688800	0.332774
389.200000	-448.480500	0.413506
389.400000	-460.846600	0.394411
389.600000	-484.988500	0.358259
389.800000	-513.984200	0.391655
390.000000	-530.230600	0.374533
390.200000	-536.493600	0.382180
390.400000	-539.038000	0.363806
390.600000	-542.299400	0.352204
390.800000	-545.310900	0.372701
391.000000	-547.320300	0.346277
391.200000	-549.325400	0.398316
391.400000	-551.580200	0.377620
391.600000	-553.440300	0.312391
391.800000	-555.981200	0.383968
392.000000	-558.254600	0.423039
392.200000	-561.665000	0.387388
392.400000	-564.495900	0.392972
392.600000	-567.348800	0.340295
392.800000	-570.382700	0.381898
393.000000	-572.844600	0.432552
393.200000	-576.078000	0.412287
393.400000	-580.749800	0.352252
393.600000	-585.365000	0.357024
393.800000	-591.119100	0.384317
394.000000	-598.474000	0.397958
394.200000	-606.628500	0.381995
394.400000	-612.939400	0.374389
394.600000	-617.254900	0.428812
394.800000	-621.239100	0.385257
395.000000	-623.918700	0.349537
395.200000	-626.087800	0.353643
395.400000	-628.515100	0.415357
395.600000	-631.161600	0.403288
395.800000	-635.127100	0.390715
396.000000	-640.981200	0.352454
396.200000	-644.585700	0.329883
396.400000	-647.627600	0.397019
396.600000	-649.820300	0.401736
396.800000	-651.587200	0.391356
397.000000	-653.074100	0.379165
397.200000	-655.379900	0.334010
397.400000	-659.908600	0.368021
397.600000	-662.857700	0.410318
397.800000	-665.596500	0.386475
398.000000	-669.197500	0.378175
398.200000	-673.806000	0.403007
398.400000	-680.262600	0.355083
398.600000	-684.527400	0.311796
398.800000	-688.307300	0.351170
399.000000	-692.880600	0.383108
399.200000	-697.805800	0.406111
399.400000	-702.717400	0.405083
399.600000	-707.713100	0.354093
399.800000	-714.985300	0.404492
400.000000	-724.013300	0.392831
400.200000	-735.003800	0.428845
400.400000	-743.934200	0.385562
400.600000	-753.423900	0.489974
400.800000	-763.850600	0.316697
401.000000	-778.823700	0.349233
401.200000	-789.577300	0.319657
401.400000	-802.651100	0.381450
401.600000	-815.460300	0.445209
401.800000	-826.165200	0.338432
402.000000	-834.386600	0.345250
402.200000	-841.499500	0.373730
402.400000	-847.154600	0.413237
402.600000	-854.476200	0.370092
402.800000	-860.452400	0.408097
403.000000	-866.420700	0.392694
403.200000	-872.473400	0.331676
403.400000	-877.986000	0.377818
403.600000	-882.175000	0.362853
403.800000	-887.160400	0.372517
404.000000	-892.078000	0.401267
404.200000	-897.120700	0.420836
404.400000	-902.001900	0.381129
404.600000	-905.489000	0.397338
404.800000	-908.774000	0.361425
405.000000	-917.491000	0.385631
405.200000	-934.857000	0.361601
405.400000	-943.009400	0.382986
405.600000	-948.871000	0.354449
405.800000	-960.123100	0.413111
406.000000	-981.677300	0.400048
406.200000	-997.988400	0.362922
406.400000	-1004.632000	0.331023
406.600000	-1007.699000	0.334348
406.800000	-1010.356000	0.378941
407.000000	-1012.711000	0.447198
407.200000	-1015.164000	0.360592
407.400000	-1018.377000	0.427508
407.600000	-1021.605000	0.402122
407.800000	-1025.768000	0.353680
408.000000	-1030.066000	0.395033
408.200000	-1033.778000	0.471003
408.400000	-1037.287000	0.355528
408.600000	-1041.010000	0.397743
408.800000	-1045.807000	0.430814
409.000000	-1050.880000	0.442289
409.200000	-1056.660000	0.427814
409.400000	-1064.911000	0.373279
409.600000	-1077.775000	0.396163
409.800000	-1087.151000	0.407950
410.000000	-1096.822000	0.460879
410.000000	-1096.889000	0.438296
409.800000	-1087.053000	0.352239
409.600000	-1077.449000	0.387596
409.400000	-1064.632000	0.377051
409.200000	-1056.284000	0.426629
409.000000	-1050.381000	0.448803
408.800000	-1045.249000	0.362684
408.600000	-1040.527000	0.387007
408.400000	-1037.015000	0.452965
408.200000	-1033.455000	0.414742
408.000000	-1029.594000	0.420862
407.800000	-1025.315000	0.427580
407.600000	-1021.085000	0.422808
407.400000	-1018.156000	0.464588
407.200000	-1015.075000	0.432421
407.000000	-1012.456000	0.331774
406.800000	-1009.968000	0.375166
406.600000	-1007.399000	0.427962
406.400000	-1004.349000	0.387968
406.200000	-997.889100	0.409597
406.000000	-980.288400	0.382713
405.800000	-958.809100	0.372860
405.600000	-947.861600	0.430310
405.400000	-942.355700	0.392287
405.200000	-933.297800	0.403199
405.000000	-914.971400	0.396343
404.800000	-908.110100	0.329107
404.600000	-904.775400	0.438150
404.400000	-901.230300	0.430591
404.200000	-896.336100	0.409243
404.000000	-891.224900	0.324740
403.800000	-886.560500	0.381664
403.600000	-881.610500	0.373618
403.400000	-877.194800	0.393157
403.200000	-871.349500	0.350400
403.000000	-865.756700	0.304473
402.800000	-859.997200	0.363463
402.600000	-854.196400	0.411699
402.400000	-846.724500	0.379436
402.200000	-840.637900	0.390487
402.000000	-833.506800	0.403047
401.800000	-825.192500	0.380162
401.600000	-813.997300	0.391973
401.400000	-800.315600	0.413351
401.200000	-788.177600	0.477872
401.000000	-776.277500	0.402240
400.800000	-762.317800	0.344678
400.600000	-751.862800	0.359245
400.400000	-742.648700	0.369557
400.200000	-733.072500	0.445055
400.000000	-722.730500	0.375639
399.800000	-713.405300	0.383161
399.600000	-706.855800	0.378095
399.400000	-701.611100	0.349420
399.200000	-696.653000	0.306005
399.000000	-691.467900	0.414037
398.800000	-687.402000	0.453683
398.600000	-683.632000	0.415679
398.400000	-679.322400	0.391646
398.200000	-672.601500	0.386131
398.000000	-668.049700	0.392088
397.800000	-664.509300	0.451146
397.600000	-662.056400	0.454066
397.400000	-658.279600	0.449225
397.200000	-654.590300	0.365142
397.000000	-652.596400	0.393215
396.800000	-650.970400	0.431233
396.600000	-648.926500	0.458892
396.400000	-646.346600	0.460874
396.200000	-643.312200	0.423569
396.000000	-639.182900	0.302283
395.800000	-634.094100	0.315854
395.600000	-630.882000	0.432137
395.400000	-628.392300	0.462291
395.200000	-625.829600	0.440961
395.000000	-623.554200	0.367310
394.800000	-619.409500	0.358664
394.600000	-614.905500	0.366909
394.400000	-609.707500	0.462307
394.200000	-603.224700	0.435879
394.000000	-594.815100	0.418162
393.800000	-588.641800	0.311596
393.600000	-583.062500	0.366263
393.400000	-579.013500	0.393173
393.200000	-575.311500	0.427281
393.000000	-572.986700	0.450690
392.800000	-570.593800	0.445912
392.600000	-566.775500	0.280782
392.400000	-563.738200	0.397227
392.200000	-559.990400	0.474379
392.000000	-556.922500	0.455268
391.800000	-554.448900	0.423644
391.600000	-552.417200	0.329950
391.400000	-550.623700	0.289349
391.200000	-548.533200	0.406370
391.000000	-546.598600	0.439710
390.800000	-544.532900	0.401792
390.600000	-540.845300	0.386485
390.400000	-538.337200	0.388824
390.200000	-534.789700	0.319678
390.000000	-526.102900	0.400981
389.800000	-501.669700	0.537911
389.600000	-471.192000	0.375901
389.400000	-451.130800	0.383640
389.200000	-441.503700	0.429533
389.000000	-435.369000	0.460911
388.800000	-431.185300	0.444305
388.600000	-424.313400	0.451671
388.400000	-417.668500	0.375681
388.200000	-415.387600	0.412401
388.000000	-413.827800	0.353507
387.800000	-412.479400	0.393071
387.600000	-410.739000	0.431048
387.400000	-408.717300	0.382760
387.200000	-406.277300	0.382798
387.000000	-404.707300	0.435426
386.800000	-402.449900	0.346182
386.600000	-399.313700	0.428405
386.400000	-395.758000	0.424116
386.200000	-393.857800	0.421509
386.000000	-392.188500	0.386617
385.800000	-390.727200	0.355751
385.600000	-387.824900	0.426107
385.400000	-386.201700	0.403716
385.200000	-383.969700	0.441397
385.000000	-381.394700	0.401319
384.800000	-376.973600	0.314999
384.600000	-372.760500	0.427908
384.400000	-367.814200	0.434680
384.200000	-363.936700	0.485644
384.000000	-360.466600	0.434998
383.800000	-358.184700	0.378594
383.600000	-355.050000	0.387710
383.400000	-353.790900	0.405345
383.200000	-352.615800	0.425726
383.000000	-351.346400	0.417022
382.800000	-349.626600	0.366108
382.600000	-347.819300	0.340543
382.400000	-344.247500	0.345092
382.200000	-341.030300	0.375454
382.000000	-339.172400	0.383266
381.800000	-337.237300	0.431980
381.600000	-334.620000	0.393170
381.400000	-331.237900	0.363650
381.200000	-326.022800	0.370538
381.000000	-320.171500	0.357808
380.800000	-315.934800	0.393448
380.600000	-311.979700	0.405829
380.400000	-307.196200	0.354979
380.200000	-304.494000	0.360143
380.000000	-300.511800	0.357467
379.800000	-293.831800	0.400490
379.600000	-283.552800	0.349673
379.400000	-260.389800	0.413417
379.200000	-235.592600	0.440010
379.000000	-222.823600	0.364220
378.800000	-219.525800	0.362528
378.600000	-217.902100	0.414942
378.400000	-215.843000	0.368589
378.200000	-214.666300	0.420821
378.000000	-213.625700	0.318712
377.800000	-212.725900	0.316119
377.600000	-210.485700	0.357166
377.400000	-208.180200	0.396744
377.200000	-205.985100	0.348825
377.000000	-203.366600	0.361154
376.800000	-201.981300	0.337461
376.600000	-200.260600	0.373965
376.400000	-199.105200	0.362972
376.200000	-197.643800	0.353071
376.000000	-195.918900	0.384245
375.800000	-194.670400	0.377019
375.600000	-193.958700	0.367654
375.400000	-192.820600	0.325020
375.200000	-191.622000	0.380016
375.000000	-187.120300	0.401254
374.800000	-183.400100	0.415035
374.600000	-180.192000	0.379317
374.400000	-176.045000	0.379301
374.200000	-173.348800	0.314592
374.000000	-168.647000	0.334394
373.800000	-167.136900	0.409786
373.600000	-165.520400	0.410740
373.400000	-164.271400	0.325103
373.200000	-163.280500	0.348039
373.000000	-160.997200	0.389634
372.800000	-157.088000	0.407591
372.600000	-155.378900	0.401439
372.400000	-154.426500	0.380293
372.200000	-154.111100	0.370238
372.000000	-153.440600	0.324754
371.800000	-152.834200	0.353087
371.600000	-151.951700	0.369638
371.400000	-150.937100	0.351842
371.200000	-148.552800	0.343325
371.000000	-145.775000	0.390346
370.800000	-143.693400	0.340618
370.600000	-143.321200	0.342958
370.400000	-142.697900	0.321959
370.200000	-142.236200	0.369398
370.000000	-140.969100	0.402281
369.800000	-139.966900	0.381260
369.600000	-138.275700	0.335493
369.400000	-131.094500	0.337005
369.200000	-112.117400	0.335111
369.000000	-89.810470	0.400912
368.800000	-88.445730	0.440472
368.600000	-87.825080	0.446137
368.400000	-86.305570	0.316147
368.200000	-85.580380	0.325453
368.000000	-85.339120	0.343139
367.800000	-84.368660	0.400481
367.600000	-83.387390	0.408710
367.400000	-82.271520	0.474140
367.200000	-81.720550	0.409633
367.000000	-80.429020	0.316053
366.800000	-79.911250	0.421374
366.600000	-78.892380	0.443176
366.400000	-78.561830	0.424564
366.200000	-77.920320	0.477356
366.000000	-77.075390	0.327585
365.800000	-75.750790	0.462555
365.600000	-75.220930	0.366502
365.400000	-71.539500	0.453441
365.200000	-70.947230	0.391466
365.000000	-70.387290	0.373285
364.800000	-70.000350	0.343696
364.600000	-69.693040	0.392078
364.400000	-69.456360	0.363567
364.200000	-68.313740	0.412329
364.000000	-66.920230	0.420854
363.800000	-65.653950	0.414785
363.600000	-64.909170	0.362146
363.400000	-63.047730	0.355979
363.200000	-62.728700	0.338917
363.000000	-62.248580	0.386400
362.800000	-61.739360	0.409446
362.600000	-60.858510	0.384457
362.400000	-60.050110	0.337470
362.200000	-59.198120	0.383485
362.000000	-58.619120	0.342091
361.800000	-58.295380	0.362244
361.600000	-55.710870	0.395494
361.400000	-55.020110	0.326217
361.200000	-54.371000	0.357204
361.000000	-53.980830	0.388788
360.800000	-53.723150	0.356498
360.600000	-53.582650	0.413620
360.400000	-52.989420	0.366783
360.200000	-52.807740	0.345230
360.000000	-52.676430	0.314169
359.800000	-52.258550	0.375872
359.600000	-52.150620	0.353068
359.400000	-51.968520	0.351710
359.200000	-51.012970	0.365462
359.000000	-50.532890	0.345440
358.800000	-50.382550	0.359322
358.600000	-50.096610	0.438538
358.400000	-49.314440	0.316592
358.200000	-44.944940	0.386244
358.000000	-34.002860	0.381623
357.800000	-33.160990	0.323555
357.600000	-33.004850	0.378134
357.400000	-32.848960	0.348645
357.200000	-32.681480	0.363490
357.000000	-32.460150	0.340630
356.800000	-32.232750	0.365957
356.600000	-31.979830	0.353508
356.400000	-31.955050	0.383671
356.200000	-31.916060	0.418535
356.000000	-31.804510	0.354597
355.800000	-31.356740	0.346764
355.600000	-31.163560	0.353430
355.400000	-30.743980	0.406569
355.200000	-30.667950	0.419608
355.000000	-30.304640	0.328618
354.800000	-30.228680	0.377904
354.600000	-30.078690	0.438357
354.400000	-29.974050	0.374461
354.200000	-29.653300	0.390486
354.000000	-29.550250	0.405744
353.800000	-28.888460	0.352116
353.600000	-28.410590	0.392836
353.400000	-27.964720	0.432032
353.200000	-27.531420	0.391623
353.000000	-27.344410	0.361422
352.800000	-27.240010	0.384860
352.600000	-27.082420	0.325137
352.400000	-27.019510	0.345707
352.200000	-26.933100	0.428104
352.000000	-26.425280	0.425100
351.800000	-26.347600	0.383187
351.600000	-26.144030	0.361685
351.400000	-26.024840	0.351724
351.200000	-25.936450	0.436272
351.000000	-25.916970	0.432164
350.800000	-25.722330	0.451378
350.600000	-25.688320	0.369925
350.400000	-25.371000	0.393307
350.200000	-25.184080	0.403593
350.000000	-25.148500	0.449871
349.800000	-25.099080	0.366189
349.600000	-24.935130	0.406532
349.400000	-24.849590	0.343592
349.200000	-24.360240	0.334522
349.000000	-24.357490	0.358268
348.800000	-24.189730	0.383379
348.600000	-24.037830	0.434228
348.400000	-23.659870	0.388109
348.200000	-23.602000	0.384112
348.000000	-23.600110	0.413064
347.800000	-23.379950	0.402590
347.600000	-22.862290	0.431192
347.400000	-21.929210	0.368393
347.200000	-20.103240	0.361253
347.000000	-18.127960	0.344925
346.800000	-14.885200	0.407213
346.600000	-14.746300	0.376167
346.400000	-14.685720	0.361333
346.200000	-14.545100	0.366947
346.000000	-14.450870	0.412121
345.800000	-14.208800	0.375511
345.600000	-14.090270	0.340393
345.400000	-14.002290	0.327099
345.200000	-14.004850	0.357691
345.000000	-13.936400	0.366649
344.800000	-13.854740	0.400664
344.600000	-13.817280	0.365378
344.400000	-13.517160	0.326140
344.200000	-13.512090	0.329855
344.000000	-13.452470	0.388284
343.800000	-13.326510	0.364433
343.600000	-13.235760	0.326242
343.400000	-13.084060	0.382351
343.200000	-13.055970	0.321929
343.000000	-13.002520	0.384998
342.800000	-12.686750	0.338004
342.600000	-12.646150	0.331976
342.400000	-12.471590	0.364486
342.200000	-12.378910	0.331636
342.000000	-12.376630	0.343920
341.800000	-12.184900	0.344164
341.600000	-12.156360	0.401984
341.400000	-11.809910	0.390155
341.200000	-11.391780	0.384192
341.000000	-11.353180	0.355428
340.800000	-11.286970	0.351256
340.600000	-11.116260	0.347805
340.400000	-10.911530	0.406378
340.200000	-10.824390	0.349886
340.000000	-10.762580	0.313784
339.800000	-10.753040	0.331267
339.600000	-10.698380	0.397903
339.400000	-10.462860	0.299483
339.200000	-10.329500	0.413307
339.000000	-10.062270	0.325501
338.800000	-10.052950	0.319038
338.600000	-10.011570	0.353833
338.400000	-9.928514	0.421265
338.200000	-9.887200	0.322129
338.000000	-9.840140	0.346722
337.800000	-6.295736	0.293297
337.600000	-5.987647	0.328263
337.400000	-5.973084	0.352368
337.200000	-5.920035	0.364882
337.000000	-5.865994	0.322698
336.800000	-5.733680	0.331124
336.600000	-5.691474	0.312531
336.400000	-5.634027	0.321289
336.200000	-5.643178	0.317245
336.000000	-5.583572	0.341280
335.800000	-5.565443	0.335919
335.600000	-5.529246	0.358420
335.400000	-5.470553	0.332600
335.200000	-5.467908	0.344005
335.000000	-5.432330	0.301804
334.800000	-5.302529	0.344302
334.600000	-5.319432	0.368756
334.400000	-5.287967	0.369653
334.200000	-5.277459	0.328125
334.000000	-5.274003	0.354301
333.800000	-5.230865	0.300909
333.600000	-5.199858	0.338204
333.400000	-5.195226	0.309730
333.200000	-5.028267	0.384093
333.000000	-4.978105	0.325118
332.800000	-4.729845	0.322318
332.600000	-4.677799	0.368496
332.400000	-4.486570	0.360807
332.200000	-4.360104	0.325680
332.000000	-4.253672	0.319504
331.800000	-4.178602	0.338869
331.600000	-4.126081	0.323551
331.400000	-4.171460	0.380740
331.200000	-4.096147	0.312878
331.000000	-4.091262	0.328562
330.800000	-4.055107	0.337042
330.600000	-3.997791	0.321742
330.400000	-4.023420	0.321524
330.200000	-4.015607	0.306752
330.000000	-3.963541	0.320340
329.800000	-3.882888	0.327020
329.600000	-3.882433	0.376155
329.400000	-3.854403	0.341839
329.200000	-3.836050	0.300342
329.000000	-3.849751	0.357083
328.800000	-3.821651	0.355578
328.600000	-3.777804	0.338532
328.400000	-3.744170	0.359659
328.200000	-3.723194	0.315658
328.000000	-3.692976	0.363843
327.800000	-3.734341	0.390834
327.600000	-3.677269	0.324584
327.400000	-3.669942	0.321291
327.200000	-3.634546	0.327328
327.000000	-2.862779	0.306905
326.800000	-2.734164	0.285479
326.600000	-2.656876	0.337553
326.400000	-2.625624	0.323584
326.200000	-2.555115	0.326769
326.000000	-2.526650	0.313411
325.800000	-2.435479	0.404282
325.600000	-2.464045	0.318138
325.400000	-2.476175	0.320365
325.200000	-2.426075	0.291298
325.000000	-2.350874	0.338056
324.800000	-2.341916	0.357391
324.600000	-2.261020	0.358234
324.400000	-2.273282	0.293012
324.200000	-2.248951	0.298994
324.000000	-2.215501	0.346936
323.800000	-2.126609	0.350523
323.600000	-1.026850	0.315612
323.400000	-0.598568	0.346234
323.200000	-0.588819	0.332170
323.000000	-0.634673	0.324369
322.800000	-0.601922	0.318848
322.600000	-0.577318	0.319803
322.400000	-0.592721	0.327129
322.200000	-0.570427	0.338610
322.000000	-0.540614	0.308586
321.800000	-0.560455	0.354799
321.600000	-0.556970	0.314892
321.400000	-0.511217	0.393987
321.200000	-0.514642	0.394802
321.000000	-0.529558	0.378451
320.800000	-0.528616	0.359011
320.600000	-0.559199	0.313635
320.400000	-0.518584	0.339986
320.200000	-0.487474	0.317213
320.000000	-0.485235	0.356677
319.800000	-0.495915	0.325064
319.600000	-0.480493	0.378342
319.400000	-0.439654	0.310338
319.200000	-0.388906	0.308484
319.000000	-0.439584	0.332116
318.800000	-0.437496	0.377607
318.600000	-0.300886	0.316467
318.400000	-0.273952	0.279505
318.200000	-0.256746	0.310924
318.000000	-0.257029	0.353915
317.800000	-0.284764	0.333821
317.600000	-0.269928	0.304455
317.400000	-0.240024	0.300541
317.200000	-0.239112	0.304362
317.000000	-0.267387	0.368158
316.800000	-0.221898	0.317741
316.600000	-0.215694	0.328353
316.400000	-0.194019	0.316117
316.200000	-0.211550	0.329938
316.000000	-0.206119	0.300409
315.800000	-0.210894	0.340031
315.600000	-0.203667	0.326160
315.400000	-0.207506	0.304848
315.200000	-0.176539	0.289557
315.000000	-0.178456	0.310591
314.800000	-0.172022	0.350043
314.600000	-0.181049	0.310089
314.400000	-0.175112	0.325511
314.200000	-0.109701	0.307862
314.000000	-0.112354	0.321953
313.800000	-0.101059	0.342176
313.600000	-0.101778	0.327477
313.400000	-0.100571	0.316771
313.200000	-0.088105	0.310129
313.000000	-0.107154	0.272401
312.800000	-0.109480	0.379288
312.600000	-0.095555	0.307552
312.400000	-0.073698	0.347575
312.200000	-0.074011	0.341116
312.000000	-0.082452	0.296413
311.800000	-0.090519	0.298026
311.600000	-0.084369	0.330959
311.400000	-0.067739	0.330840
311.200000	-0.082724	0.303017
311.000000	-0.078743	0.311771
310.800000	-0.078935	0.246038
310.600000	-0.077092	0.286277
310.400000	-0.082190	0.344172
310.200000	-0.073445	0.344741
310.000000	-0.053918	0.338581
309.800000	-0.042395	0.318027
309.600000	-0.066155	0.281062
309.400000	-0.077893	0.303828
309.200000	-0.082233	0.356551
309.000000	-0.061466	0.320826
308.800000	0.023733	0.321509
308.600000	0.012741	0.264778
308.400000	0.007350	0.282252
308.200000	0.017479	0.344926
308.000000	0.022485	0.340375
307.800000	0.021261	0.285313
307.600000	0.024992	0.277390
307.400000	0.041345	0.326095
307.200000	0.046969	0.311931
307.000000	0.038577	0.326218
306.800000	0.028688	0.306262
306.600000	0.036614	0.284529
306.400000	0.039118	0.272843
306.200000	0.088007	0.323152
306.000000	0.066121	0.308445
305.800000	0.056422	0.317632
305.600000	0.061916	0.279422
305.400000	0.065625	0.265369
305.200000	0.064977	0.295177
305.000000	0.093579	0.344474
304.800000	0.062137	0.327602
304.600000	0.063171	0.318026
304.400000	0.082404	0.272243
304.200000	0.084644	0.272381
304.000000	0.067925	0.305779
303.800000	0.087732	0.347652
303.600000	0.087035	0.309910
303.400000	0.095028	0.338272
303.200000	0.078676	0.299245
303.000000	0.075809	0.277661
302.800000	0.076314	0.321379
302.600000	0.112954	0.345804
302.400000	0.095111	0.317852
302.200000	0.068867	0.289990
302.000000	0.082101	0.260613
301.800000	0.098778	0.307618
301.600000	0.086031	0.342621
301.400000	0.098716	0.345208
301.200000	0.072049	0.287262
301.000000	0.091344	0.252115
300.800000	0.097887	0.305728
300.600000	0.080225	0.324273
300.400000	0.052996	0.346397
300.200000	0.083741	0.302532
300.000000	0.097715	0.305364
299.800000	0.086347	0.252866
299.600000	0.089425	0.331155
299.400000	0.122329	0.301628
299.200000	0.108454	0.364413
299.000000	0.121003	0.260670
298.800000	0.123242	0.259299
298.600000	0.129440	0.336625
298.400000	0.131569	0.335756
298.200000	0.131559	0.323012
298.000000	0.114596	0.326362
297.800000	0.115822	0.345883
297.600000	0.109276	0.327687
297.400000	0.137154	0.279999
297.200000	0.157886	0.307035
297.000000	0.147821	0.344328
296.800000	0.140790	0.315886
296.600000	0.120009	0.291457
296.400000	0.131947	0.251773
296.200000	0.144400	0.266980
296.000000	0.148583	0.297881
295.800000	0.130850	0.312442
295.600000	0.156920	0.377441
295.400000	0.125532	0.260313
295.200000	0.138117	0.269966
295.000000	0.152262	0.294987
294.800000	0.123939	0.320894
294.600000	0.122723	0.305442
294.400000	0.154006	0.286067
294.200000	0.140447	0.283895
294.000000	0.142169	0.291302
293.800000	0.137447	0.302506
293.600000	0.135431	0.294228
293.400000	0.122470	0.308096
293.200000	0.136963	0.244503
293.000000	0.127853	0.274643
292.800000	0.146657	0.318594
292.600000	0.147651	0.286229
292.400000	0.159913	0.297008
292.200000	0.124953	0.305890
292.000000	0.118354	0.341625
291.800000	0.117262	0.310818
291.600000	0.154531	0.320379
291.400000	0.154796	0.278832
291.200000	0.148300	0.325138
291.000000	0.139576	0.278027
290.800000	0.133939	0.360440
290.600000	0.158929	0.309078
290.400000	0.147153	0.326943
290.200000	0.131326	0.325676
290.000000	0.171079	0.293057
