#lab INRiM MICa
#hv keithley6487
#s CNTArO2Etching_N1new_b
#t 2.7 
#d 1.0
#N 20
#dbm 5
#
#Voltage	Temperature	Current	SD
#V	K	pA	pA
140.000000	2.862000	0.333645	1.785460
140.200000	2.830000	0.455045	1.756363
140.400000	2.805000	0.367733	2.093001
140.600000	2.818000	0.261924	1.849631
140.800000	2.853000	0.679826	1.575119
141.000000	2.816000	-0.248780	2.118766
141.200000	2.805000	0.723135	1.629585
141.400000	2.827000	-0.005391	1.999993
141.600000	2.859000	0.138210	1.910330
141.800000	2.844000	0.393695	1.659661
142.000000	2.808000	0.106279	1.970526
142.200000	2.837000	0.533830	1.575440
142.400000	2.860000	0.109000	1.788368
142.600000	2.831000	0.527209	1.677701
142.800000	2.803000	-0.025102	1.460952
143.000000	2.816000	0.447564	2.021652
143.200000	2.857000	0.159205	1.562796
143.400000	2.818000	0.479202	1.610808
143.600000	2.804000	0.165364	1.938412
143.800000	2.825000	0.397563	1.593136
144.000000	2.857000	0.163042	1.804395
144.200000	2.807000	0.366845	1.982581
144.400000	2.808000	0.384385	1.477875
144.600000	2.836000	0.147402	1.838103
144.800000	2.860000	0.654434	1.794525
145.000000	2.832000	0.253295	1.433635
145.200000	2.804000	0.503710	2.021967
145.400000	2.847000	0.364492	1.660607
145.600000	2.857000	0.419298	1.691018
145.800000	2.817000	0.366932	1.828557
146.000000	2.804000	0.400094	1.676890
146.200000	2.824000	0.498252	1.806105
146.400000	2.849000	0.215762	1.791306
146.600000	2.808000	0.470304	1.748766
146.800000	2.807000	0.350202	1.798829
147.000000	2.834000	0.393040	1.833276
147.200000	2.860000	0.473323	1.731776
147.400000	2.804000	0.401830	1.869629
147.600000	2.811000	0.481405	1.791557
147.800000	2.842000	0.296164	1.669099
148.000000	2.858000	0.504869	1.882166
148.200000	2.826000	0.290536	1.894260
148.400000	2.803000	0.473152	1.679433
148.600000	2.850000	0.153226	1.994270
148.800000	2.854000	0.586276	1.592453
149.000000	2.813000	0.267230	1.794884
149.200000	2.804000	0.453079	1.873030
149.400000	2.826000	0.080213	1.650614
149.600000	2.846000	0.491107	2.259004
149.800000	2.806000	0.279556	1.589681
150.000000	2.808000	0.111452	1.844573
150.200000	2.837000	0.103665	2.064752
150.400000	2.859000	0.421995	1.545902
150.600000	2.803000	0.113113	1.836494
150.800000	2.813000	0.220799	1.893100
151.000000	2.847000	0.089701	1.539144
151.200000	2.855000	0.185995	2.035327
151.400000	2.816000	0.138237	1.743189
151.600000	2.804000	0.224756	1.668285
151.800000	2.855000	-0.075231	1.992937
152.000000	2.848000	0.242116	1.552241
152.200000	2.807000	0.050768	1.819402
152.400000	2.806000	0.068028	2.187028
152.600000	2.833000	0.106339	1.493604
152.800000	2.838000	-0.001110	2.207657
153.000000	2.803000	0.222435	2.092825
153.200000	2.811000	0.226984	1.480043
153.400000	2.843000	0.121444	2.264032
153.600000	2.857000	0.342063	1.662908
153.800000	2.803000	0.110452	1.749746
154.000000	2.817000	0.415043	2.131602
154.200000	2.852000	0.089402	1.472489
154.400000	2.853000	0.208152	2.046979
154.600000	2.812000	0.094805	1.804842
154.800000	2.805000	0.344264	1.660424
155.000000	2.857000	-0.095850	2.232928
155.200000	2.844000	0.296113	1.593679
155.400000	2.805000	0.028609	1.806660
155.600000	2.809000	0.199087	2.029482
155.800000	2.838000	0.029595	1.473249
156.000000	2.833000	0.193370	2.029930
156.200000	2.802000	-0.070165	1.821098
156.400000	2.814000	0.320835	1.736866
156.600000	2.847000	-0.160255	2.147384
156.800000	2.855000	0.168984	1.971754
157.000000	2.803000	-0.008068	1.921661
157.200000	2.820000	0.290869	1.984957
157.400000	2.853000	-0.165752	2.030847
157.600000	2.849000	0.098062	1.931824
157.800000	2.808000	-0.010447	1.754137
158.000000	2.806000	0.152639	1.882229
158.200000	2.858000	-0.029989	1.937139
158.400000	2.839000	0.189647	1.739933
158.600000	2.804000	0.054357	1.779703
158.800000	2.810000	0.151568	1.837208
159.000000	2.842000	0.054960	1.839646
159.200000	2.827000	0.276332	1.966926
159.400000	2.802000	0.058715	1.799556
159.600000	2.815000	0.126892	1.910802
159.800000	2.850000	0.016690	1.923395
160.000000	2.852000	0.170774	1.787311
160.200000	2.803000	0.114261	1.911117
160.400000	2.823000	0.040607	1.811540
160.600000	2.856000	0.305595	1.788904
160.800000	2.844000	-0.088092	1.881003
161.000000	2.805000	0.221031	1.857764
161.200000	2.807000	-0.039842	1.691946
161.400000	2.859000	0.295101	1.927483
161.600000	2.834000	-0.211323	1.883423
161.800000	2.803000	0.308496	1.840057
162.000000	2.812000	-0.192545	1.823062
162.200000	2.846000	0.534876	1.876377
162.400000	2.822000	-0.037368	1.980003
162.600000	2.802000	0.357369	1.963947
162.800000	2.819000	-0.019554	1.935311
163.000000	2.854000	0.495528	1.989890
163.200000	2.850000	0.077718	2.206314
163.400000	2.804000	0.291395	1.872787
163.600000	2.828000	0.102868	2.375812
163.800000	2.857000	0.527897	2.139068
164.000000	2.839000	0.106037	2.058151
164.200000	2.803000	0.268045	2.257762
164.400000	2.810000	0.096393	1.839190
164.600000	2.858000	0.337057	2.089692
164.800000	2.826000	0.092451	1.985954
165.000000	2.802000	0.159400	1.956242
165.200000	2.816000	0.080455	2.139394
165.400000	2.849000	0.299645	1.871440
165.600000	2.815000	0.024035	2.011822
165.800000	2.803000	0.211509	1.976349
166.000000	2.823000	-0.007990	1.763410
166.200000	2.856000	0.255320	2.102592
166.400000	2.843000	-0.040670	1.804940
166.600000	2.806000	0.205522	1.904649
166.800000	2.835000	-0.003244	1.983206
167.000000	2.858000	0.057278	1.690204
167.200000	2.830000	0.074139	1.945099
167.400000	2.802000	0.003153	1.861563
167.600000	2.815000	0.054482	1.957736
167.800000	2.854000	-0.061292	1.877656
168.000000	2.814000	0.057320	1.902401
168.200000	2.803000	-0.009427	1.965157
168.400000	2.825000	-0.204311	1.781449
168.600000	2.857000	-0.094255	1.943964
168.800000	2.804000	-0.148064	1.759467
169.000000	2.807000	-0.342058	1.789490
169.200000	2.838000	-0.215972	1.946135
169.400000	2.857000	-0.275825	1.669161
169.600000	2.824000	-0.485388	2.067806
169.800000	2.814000	-0.436403	1.867209
170.000000	2.849000	-0.396835	1.898807
170.200000	2.853000	-0.491748	2.218415
170.400000	2.813000	-0.533668	1.690577
170.600000	2.803000	-0.702467	2.212148
170.800000	2.825000	-0.558073	2.016329
171.000000	2.845000	-0.550394	1.690447
171.200000	2.805000	-0.733175	2.338010
171.400000	2.807000	-0.760618	1.865786
171.600000	2.836000	-0.520569	1.840621
171.800000	2.858000	-0.823936	2.389355
172.000000	2.802000	-0.687986	1.750577
172.200000	2.812000	-0.801553	1.955024
172.400000	2.847000	-0.721272	2.204156
172.600000	2.855000	-0.839841	1.820349
172.800000	2.816000	-0.890298	2.034887
173.000000	2.820000	-1.070593	1.966651
173.200000	2.854000	-0.939872	1.823120
173.400000	2.847000	-1.205380	2.213223
173.600000	2.806000	-0.966441	1.894681
173.800000	2.806000	-1.181826	1.829908
174.000000	2.833000	-1.168760	2.075892
174.200000	2.835000	-1.240484	1.772611
174.400000	2.802000	-1.381158	2.032795
174.600000	2.811000	-1.312359	1.894863
174.800000	2.845000	-1.460367	1.807439
175.000000	2.855000	-1.482359	2.121467
175.200000	2.802000	-1.416006	1.765897
175.400000	2.819000	-1.539868	1.993597
175.600000	2.854000	-1.719390	2.155314
175.800000	2.847000	-1.836338	1.824044
176.000000	2.806000	-2.050875	2.024854
176.200000	2.830000	-2.088866	2.045991
176.400000	2.858000	-2.269847	2.043374
176.600000	2.835000	-2.098692	2.152201
176.800000	2.802000	-2.332797	1.856693
177.000000	2.811000	-2.289234	2.189259
177.200000	2.844000	-2.337861	2.079865
177.400000	2.823000	-2.360074	1.788840
177.600000	2.802000	-2.582374	2.215519
177.800000	2.818000	-2.664579	1.892240
178.000000	2.853000	-2.641140	1.991848
178.200000	2.848000	-2.963751	2.027118
178.400000	2.804000	-2.876889	1.931295
178.600000	2.827000	-3.137000	2.152061
178.800000	2.858000	-3.135399	1.967231
179.000000	2.839000	-3.528487	1.971888
179.200000	2.802000	-3.694176	2.110741
179.400000	2.810000	-3.804547	1.954371
179.600000	2.858000	-3.919833	2.067203
179.800000	2.825000	-3.984655	2.211012
180.000000	2.801000	-4.151206	1.879113
180.200000	2.816000	-4.303499	2.063372
180.400000	2.851000	-4.524707	2.092081
180.600000	2.813000	-4.848231	1.980679
180.800000	2.803000	-5.389214	2.300781
181.000000	2.825000	-5.537678	2.273232
181.200000	2.856000	-5.868861	2.022121
181.400000	2.842000	-6.475863	2.098752
181.600000	2.807000	-6.674627	2.141372
181.800000	2.834000	-7.103891	2.021458
182.000000	2.858000	-7.343025	2.277648
182.200000	2.830000	-8.141940	2.131395
182.400000	2.801000	-8.704670	1.973560
182.600000	2.813000	-9.916059	2.232828
182.800000	2.855000	-12.644950	2.372804
183.000000	2.817000	-13.489020	2.226847
183.200000	2.802000	-14.599630	2.123886
183.400000	2.820000	-15.286160	2.477065
183.600000	2.854000	-16.144660	2.205240
183.800000	2.808000	-16.412130	2.192789
184.000000	2.804000	-17.060380	2.428864
184.200000	2.828000	-17.501090	2.277867
184.400000	2.857000	-17.868790	2.298143
184.600000	2.837000	-18.780400	2.326193
184.800000	2.808000	-19.207800	2.394410
185.000000	2.837000	-20.829350	2.419869
185.200000	2.857000	-22.021930	2.222179
185.400000	2.825000	-22.528570	2.423296
185.600000	2.801000	-22.924060	2.169384
185.800000	2.816000	-24.031660	1.984568
186.000000	2.853000	-24.311300	2.246616
186.200000	2.814000	-24.971200	1.971151
186.400000	2.803000	-25.613080	2.125033
186.600000	2.824000	-26.206460	2.132769
186.800000	2.856000	-26.985110	2.113607
187.000000	2.805000	-27.341330	2.284404
187.200000	2.806000	-28.545300	2.075622
187.400000	2.834000	-29.585470	2.336280
187.600000	2.858000	-30.422890	2.338363
187.800000	2.830000	-31.463850	2.124978
188.000000	2.801000	-32.294870	2.441270
188.200000	2.843000	-33.539240	2.379010
188.400000	2.855000	-34.008820	2.104741
188.600000	2.819000	-35.106320	2.416604
188.800000	2.801000	-35.865350	2.298604
189.000000	2.819000	-36.877380	2.143447
189.200000	2.850000	-37.796160	2.741355
189.400000	2.809000	-39.214540	2.149905
189.600000	2.803000	-40.300230	2.235699
189.800000	2.827000	-40.980330	2.422805
190.000000	2.857000	-41.987330	2.173751
190.200000	2.838000	-42.473730	2.219152
190.400000	2.808000	-43.052960	2.159453
190.600000	2.838000	-44.010060	2.392344
190.800000	2.856000	-44.567660	2.142298
191.000000	2.823000	-46.295340	2.219616
191.200000	2.801000	-50.744620	2.323952
191.400000	2.849000	-55.825600	2.126039
191.600000	2.852000	-57.831890	2.085418
191.800000	2.810000	-59.812690	2.301391
192.000000	2.803000	-61.653970	2.103788
192.200000	2.826000	-63.980290	2.306766
192.400000	2.844000	-65.900130	2.350140
192.600000	2.804000	-67.263490	2.289634
192.800000	2.806000	-69.010960	2.342105
193.000000	2.834000	-69.590940	2.304026
193.200000	2.857000	-71.527060	2.269286
193.400000	2.828000	-72.172000	2.359266
193.600000	2.812000	-73.764530	2.208561
193.800000	2.846000	-75.375130	2.417066
194.000000	2.854000	-81.381220	2.544191
194.200000	2.816000	-85.542860	2.170076
194.400000	2.802000	-86.627430	2.280662
194.600000	2.853000	-88.624210	2.351524
194.800000	2.847000	-89.899370	2.273720
195.000000	2.807000	-91.189890	2.136561
195.200000	2.804000	-93.606220	2.312184
195.400000	2.830000	-95.188230	2.194550
195.600000	2.857000	-97.387380	2.240222
195.800000	2.802000	-99.414640	2.530852
196.000000	2.809000	-101.478400	2.549177
196.200000	2.840000	-104.524400	2.225066
196.400000	2.856000	-108.280100	2.259733
196.600000	2.822000	-112.605400	2.262288
196.800000	2.815000	-120.418800	2.183006
197.000000	2.850000	-124.362400	2.373400
197.200000	2.851000	-126.907900	2.104591
197.400000	2.809000	-128.523700	2.225516
197.600000	2.804000	-130.237900	2.364595
197.800000	2.856000	-132.452100	1.926951
198.000000	2.839000	-133.740400	2.361532
198.200000	2.803000	-136.697300	2.227756
198.400000	2.809000	-139.501400	2.247324
198.600000	2.841000	-143.355600	2.297070
198.800000	2.856000	-145.710100	2.094599
199.000000	2.802000	-148.813200	2.109745
199.200000	2.817000	-150.808700	2.001205
199.400000	2.852000	-153.463700	2.215871
199.600000	2.849000	-156.062800	2.381281
199.800000	2.807000	-160.553100	2.333624
200.000000	2.805000	-166.895300	2.018298
200.200000	2.857000	-174.563300	2.373748
200.400000	2.837000	-181.683900	2.466177
200.600000	2.801000	-188.175700	2.279931
200.800000	2.810000	-195.289700	2.439871
201.000000	2.843000	-201.184900	2.143794
201.200000	2.823000	-208.563400	2.654307
201.400000	2.801000	-215.424100	2.270363
201.600000	2.817000	-221.993000	2.279165
201.800000	2.851000	-227.651200	2.690677
202.000000	2.848000	-233.567300	2.126218
202.200000	2.803000	-238.927900	2.477345
202.400000	2.825000	-245.889400	2.781161
202.600000	2.856000	-259.148800	2.334910
202.800000	2.840000	-270.881000	2.619729
203.000000	2.803000	-276.483900	2.348339
203.200000	2.808000	-280.813500	2.351913
203.400000	2.857000	-285.035300	2.617788
203.600000	2.827000	-289.141500	2.259981
203.800000	2.800000	-293.002700	2.281727
204.000000	2.814000	-296.661300	2.464196
204.200000	2.849000	-301.464400	2.088151
204.400000	2.812000	-305.400900	2.428129
204.600000	2.802000	-310.638400	2.571266
204.800000	2.824000	-315.988900	1.995909
205.000000	2.856000	-321.828900	2.668466
205.200000	2.840000	-329.158000	2.133930
205.400000	2.802000	-339.640700	2.319875
205.600000	2.835000	-352.650800	2.630551
205.800000	2.856000	-363.814900	2.054913
206.000000	2.825000	-373.723200	2.717825
206.200000	2.801000	-381.975000	2.307938
206.400000	2.816000	-390.824700	2.270464
206.600000	2.852000	-398.121100	2.421899
206.800000	2.810000	-405.476800	2.589260
207.000000	2.803000	-412.130200	2.465440
207.200000	2.827000	-418.516700	2.516156
207.400000	2.857000	-425.701800	2.462446
207.600000	2.837000	-432.043800	2.524143
207.800000	2.807000	-441.837000	2.351331
208.000000	2.838000	-453.379900	2.290072
208.200000	2.856000	-469.374100	2.473643
208.400000	2.823000	-482.719600	2.292984
208.600000	2.801000	-494.888500	2.297322
208.800000	2.848000	-504.702800	2.546584
209.000000	2.852000	-514.290900	2.552419
209.200000	2.811000	-524.087200	2.383792
209.400000	2.803000	-533.352000	2.421280
209.600000	2.825000	-543.721000	2.627048
209.800000	2.844000	-557.928100	3.465797
210.000000	2.804000	-569.287600	2.572700
210.200000	2.806000	-587.595500	2.557377
210.400000	2.835000	-612.379100	2.669269
210.600000	2.857000	-638.388100	2.511846
210.800000	2.826000	-661.492300	2.377114
211.000000	2.813000	-682.493800	2.850498
211.200000	2.847000	-701.755700	2.243030
211.400000	2.853000	-720.827900	2.532759
211.600000	2.813000	-739.211500	2.916402
211.800000	2.803000	-759.657900	2.215227
212.000000	2.855000	-780.633700	2.957905
212.200000	2.842000	-804.512900	2.300575
212.400000	2.803000	-826.630600	2.377081
212.600000	2.807000	-848.689800	2.676896
212.800000	2.838000	-871.385900	2.289344
213.000000	2.856000	-894.595000	2.720676
213.200000	2.801000	-919.388700	4.119352
213.400000	2.813000	-942.519200	2.048919
213.600000	2.848000	-960.586700	2.656784
213.800000	2.852000	-980.052500	2.237142
214.000000	2.810000	-1001.319000	2.507255
214.200000	2.822000	-1026.322000	2.542922
214.400000	2.856000	-1053.722000	2.134120
214.600000	2.840000	-1081.914000	2.839290
214.800000	2.802000	-1108.999000	2.561038
215.000000	2.808000	-1136.280000	2.649684
215.000000	2.857000	-1135.092000	3.054445
214.800000	2.826000	-1108.163000	2.234529
214.600000	2.800000	-1080.758000	2.647027
214.400000	2.814000	-1053.351000	2.134395
214.200000	2.849000	-1026.391000	2.729902
214.000000	2.850000	-1001.286000	2.889778
213.800000	2.802000	-979.599300	1.917571
213.600000	2.823000	-960.089300	2.570495
213.400000	2.856000	-942.231400	2.730060
213.200000	2.840000	-924.077500	2.759362
213.000000	2.802000	-904.576900	2.947559
212.800000	2.834000	-884.123400	2.526988
212.600000	2.857000	-859.629000	2.541068
212.400000	2.827000	-832.706300	2.964297
212.200000	2.800000	-801.274600	2.349430
212.000000	2.813000	-772.342500	2.477227
211.800000	2.848000	-747.375000	2.690045
211.600000	2.814000	-728.196900	2.261914
211.400000	2.802000	-710.152700	2.769647
211.200000	2.822000	-694.711700	2.758830
211.000000	2.855000	-678.911900	2.239581
210.800000	2.843000	-664.380600	2.843927
210.600000	2.805000	-649.378300	2.310217
210.400000	2.832000	-632.303400	2.294798
210.200000	2.856000	-610.944700	2.733582
210.000000	2.831000	-586.113200	1.955174
209.800000	2.801000	-567.842300	2.472077
209.600000	2.842000	-553.941900	2.482457
209.400000	2.854000	-542.603500	2.199434
209.200000	2.818000	-531.372600	2.437769
209.000000	2.801000	-520.075000	2.338156
208.800000	2.820000	-509.587000	2.247460
208.600000	2.853000	-497.081600	2.500274
208.400000	2.807000	-484.967200	2.369354
208.200000	2.804000	-473.027000	2.185402
208.000000	2.830000	-460.896500	2.286322
207.800000	2.857000	-449.566800	2.538843
207.600000	2.831000	-437.441800	2.626120
207.400000	2.808000	-427.325400	2.290790
207.200000	2.841000	-417.855400	2.488721
207.000000	2.854000	-408.882900	2.485532
206.800000	2.818000	-399.727600	2.352002
206.600000	2.801000	-389.137700	2.515918
206.400000	2.851000	-379.573100	2.534381
206.200000	2.848000	-369.990200	2.747275
206.000000	2.807000	-362.490500	2.540481
205.800000	2.803000	-355.108400	2.273993
205.600000	2.827000	-349.152900	2.828069
205.400000	2.856000	-341.728900	2.146767
205.200000	2.801000	-333.073700	2.331982
205.000000	2.807000	-324.249200	2.664838
204.800000	2.839000	-315.831600	2.161557
204.600000	2.855000	-310.598400	2.418114
204.400000	2.820000	-304.692700	2.268447
204.200000	2.815000	-300.758100	2.573866
204.000000	2.849000	-295.715300	2.552230
203.800000	2.849000	-292.207400	2.386581
203.600000	2.808000	-287.974100	2.744149
203.400000	2.803000	-283.191800	2.339493
203.200000	2.827000	-279.563200	2.318296
203.000000	2.839000	-273.238600	2.543452
202.800000	2.802000	-269.296600	2.411658
202.600000	2.807000	-260.723400	2.222058
202.400000	2.839000	-250.517600	2.412058
202.200000	2.855000	-241.510500	2.338600
202.000000	2.800000	-234.085800	2.379090
201.800000	2.814000	-228.109900	2.337881
201.600000	2.849000	-220.637900	2.367016
201.400000	2.850000	-215.133500	2.310545
201.200000	2.809000	-202.789700	4.814405
201.000000	2.802000	-194.010500	2.356405
200.800000	2.854000	-188.762300	2.310306
200.600000	2.842000	-185.051400	2.165143
200.400000	2.802000	-180.685400	2.360594
200.200000	2.805000	-177.192100	2.312437
200.000000	2.835000	-172.110900	2.144579
199.800000	2.831000	-166.340700	2.308701
199.600000	2.800000	-158.511200	2.490111
199.400000	2.810000	-151.972300	2.194434
199.200000	2.844000	-148.204100	2.228302
199.000000	2.853000	-145.357600	2.392932
198.800000	2.800000	-143.794200	2.065733
198.600000	2.818000	-140.702600	2.347462
198.400000	2.852000	-139.071400	2.296801
198.200000	2.846000	-136.067300	2.293194
198.000000	2.805000	-134.523400	2.422269
197.800000	2.804000	-132.393600	2.095178
197.600000	2.856000	-130.639500	2.086579
197.400000	2.834000	-128.948900	2.179327
197.200000	2.800000	-126.844200	1.965776
197.000000	2.809000	-124.717700	2.109504
196.800000	2.842000	-112.821000	2.188097
196.600000	2.820000	-108.752200	2.296071
196.400000	2.800000	-106.008300	2.220088
196.200000	2.816000	-104.176800	2.161187
196.000000	2.850000	-101.963700	2.471117
195.800000	2.847000	-100.436400	2.033710
195.600000	2.802000	-98.466640	1.922303
195.400000	2.826000	-97.178490	2.258343
195.200000	2.856000	-94.949100	2.049439
195.000000	2.834000	-93.468340	2.073504
194.800000	2.800000	-91.667230	2.404445
194.600000	2.809000	-89.775340	2.238885
194.400000	2.854000	-84.110160	2.068534
194.200000	2.820000	-81.078610	2.504885
194.000000	2.800000	-79.465770	2.190770
193.800000	2.817000	-77.739530	2.198149
193.600000	2.851000	-75.795700	2.202311
193.400000	2.808000	-74.674850	2.294157
193.200000	2.802000	-73.287200	2.219084
193.000000	2.826000	-72.228580	2.240119
192.800000	2.855000	-70.444190	2.016842
192.600000	2.835000	-69.576890	2.263884
192.400000	2.800000	-67.875950	2.145607
192.200000	2.837000	-64.796510	1.934491
192.000000	2.855000	-61.158480	2.243188
191.800000	2.820000	-58.573580	1.804784
191.600000	2.800000	-56.578030	2.111167
191.400000	2.817000	-53.327940	2.152235
191.200000	2.848000	-49.436100	1.880354
191.000000	2.807000	-47.559610	2.375820
190.800000	2.802000	-46.720740	1.980014
190.600000	2.828000	-45.619740	2.064673
190.400000	2.856000	-43.177610	2.226396
190.200000	2.801000	-42.021360	2.117215
190.000000	2.809000	-40.748740	2.185754
189.800000	2.841000	-40.698310	1.857957
189.600000	2.853000	-39.665380	2.183537
189.400000	2.816000	-39.026020	2.027023
189.200000	2.800000	-38.775020	2.076587
189.000000	2.852000	-37.637700	2.244283
188.800000	2.845000	-37.275980	1.838411
188.600000	2.804000	-35.874050	2.115917
188.400000	2.804000	-35.209640	2.402560
188.200000	2.832000	-34.777270	1.966646
188.000000	2.831000	-32.195070	2.352782
187.800000	2.799000	-31.225680	2.055777
187.600000	2.811000	-29.977540	2.161625
187.400000	2.845000	-29.891730	2.249760
187.200000	2.851000	-28.830020	2.187073
187.000000	2.811000	-28.409280	2.151286
186.800000	2.820000	-27.778260	2.074218
186.600000	2.853000	-26.966160	2.118884
186.400000	2.842000	-27.176680	2.029795
186.200000	2.802000	-25.809480	1.809992
186.000000	2.805000	-25.721300	2.008967
185.800000	2.855000	-24.683170	1.738537
185.600000	2.827000	-22.671060	2.073960
185.400000	2.799000	-20.328860	1.772737
185.200000	2.813000	-19.558890	1.889624
185.000000	2.847000	-20.001420	2.225482
184.800000	2.812000	-18.778480	1.922930
184.600000	2.801000	-19.229740	2.265265
184.400000	2.822000	-18.010050	2.048618
184.200000	2.854000	-18.243540	2.048268
184.000000	2.838000	-17.377680	2.329939
183.800000	2.800000	-16.972300	1.777838
183.600000	2.835000	-16.630530	2.065378
183.400000	2.855000	-15.706010	2.104450
183.200000	2.823000	-15.381960	2.120272
183.000000	2.799000	-15.108980	2.202366
182.800000	2.814000	-14.530230	1.943947
182.600000	2.850000	-14.278740	2.187632
182.400000	2.809000	-13.392370	2.062163
182.200000	2.801000	-12.928310	2.075363
182.000000	2.824000	-12.074440	2.229197
181.800000	2.854000	-10.601540	1.984485
181.600000	2.835000	-9.491364	2.263768
181.400000	2.805000	-8.150465	2.061032
181.200000	2.836000	-7.738233	2.425548
181.000000	2.854000	-6.880714	2.468225
180.800000	2.821000	-6.180353	2.193613
180.600000	2.799000	-5.518679	2.158304
180.400000	2.846000	-3.949510	2.275123
180.200000	2.849000	-3.860215	1.911144
180.000000	2.809000	-3.345335	2.293268
179.800000	2.801000	-3.449564	2.110944
179.600000	2.823000	-3.405930	1.833593
179.400000	2.841000	-2.984653	2.369977
179.200000	2.801000	-3.209882	2.066160
179.000000	2.804000	-2.842120	2.119699
178.800000	2.832000	-2.997730	2.261539
178.600000	2.855000	-2.389493	1.897661
178.400000	2.826000	-2.978972	2.613375
178.200000	2.809000	-2.455374	1.967518
178.000000	2.843000	-2.405428	2.480472
177.800000	2.851000	-2.354766	2.614476
177.600000	2.812000	-2.238583	1.998004
177.400000	2.800000	-2.226212	2.579770
177.200000	2.851000	-2.130036	2.257032
177.000000	2.844000	-2.231373	2.136059
176.800000	2.803000	-2.137051	2.462929
176.600000	2.803000	-1.936847	1.874132
176.400000	2.831000	-2.392054	2.399862
176.200000	2.854000	-1.715455	2.114473
176.000000	2.799000	-2.409169	1.825839
175.800000	2.808000	-1.668263	2.432790
175.600000	2.842000	-1.583234	1.729161
175.400000	2.852000	-1.587623	2.302859
175.200000	2.815000	-1.162729	2.581533
175.000000	2.815000	-1.414646	1.902457
174.800000	2.849000	-1.208776	2.559439
174.600000	2.847000	-1.198400	2.020088
174.400000	2.805000	-1.081444	2.221645
174.200000	2.802000	-0.992843	2.297409
174.000000	2.854000	-1.051370	1.684178
173.800000	2.837000	-0.881515	2.595163
173.600000	2.800000	-0.851513	1.843463
173.400000	2.805000	-1.006518	1.886406
173.200000	2.834000	-0.788881	2.408187
173.000000	2.854000	-0.861467	1.636980
172.800000	2.799000	-0.507834	2.326810
172.600000	2.809000	-0.879288	2.162851
172.400000	2.842000	-0.627225	1.871068
172.200000	2.852000	-0.955715	2.463964
172.000000	2.815000	-0.626178	1.950992
171.800000	2.814000	-0.745266	2.200179
171.600000	2.847000	-0.889877	2.401946
171.400000	2.847000	-0.624500	1.829506
171.200000	2.807000	-0.815545	2.322589
171.000000	2.801000	-0.648331	2.330478
170.800000	2.822000	-0.815471	1.989752
170.600000	2.842000	-0.609466	2.255640
170.400000	2.802000	-0.661576	2.009059
170.200000	2.802000	-0.546014	2.123171
170.000000	2.829000	-0.572390	2.011686
169.800000	2.854000	-0.463030	1.936839
169.600000	2.799000	-0.309310	2.130859
169.400000	2.806000	-0.256908	1.939267
169.200000	2.837000	-0.234952	2.211234
169.000000	2.852000	-0.145960	2.080919
168.800000	2.819000	-0.160437	2.052275
168.600000	2.811000	0.137368	2.164971
168.400000	2.846000	-0.246821	1.984057
168.200000	2.848000	0.132310	2.015225
168.000000	2.808000	-0.140115	2.136827
167.800000	2.799000	-0.081787	1.802123
167.600000	2.821000	0.015497	2.123923
167.400000	2.841000	-0.061953	1.989533
167.200000	2.801000	-0.037817	1.879413
167.000000	2.803000	-0.037079	2.126520
166.800000	2.830000	-0.106303	1.861269
166.600000	2.854000	-0.183442	2.112461
166.400000	2.798000	-0.077097	2.023031
166.200000	2.807000	-0.206610	1.807332
166.000000	2.840000	-0.113604	2.171309
165.800000	2.851000	-0.167955	2.007340
165.600000	2.814000	-0.020131	1.856606
165.400000	2.799000	-0.192649	2.141186
165.200000	2.849000	-0.051218	1.840507
165.000000	2.844000	-0.130966	1.916203
164.800000	2.803000	-0.194425	2.056199
164.600000	2.802000	-0.032889	1.855426
164.400000	2.828000	-0.010856	1.968351
164.200000	2.833000	0.038329	1.738232
164.000000	2.798000	0.030199	2.035608
163.800000	2.807000	0.246679	1.900082
163.600000	2.840000	0.038730	1.812711
163.400000	2.852000	0.145093	2.039323
163.200000	2.798000	0.309262	1.815603
163.000000	2.813000	0.029977	1.820261
162.800000	2.848000	0.413386	2.069550
162.600000	2.846000	0.138500	1.850650
162.400000	2.804000	0.265715	1.825781
162.200000	2.800000	0.166160	1.969051
162.000000	2.853000	0.208348	1.769756
161.800000	2.835000	0.418720	2.066796
161.600000	2.798000	0.045588	1.828653
161.400000	2.805000	0.627683	1.991469
161.200000	2.835000	-0.118904	2.108687
161.000000	2.824000	0.458042	1.897160
160.800000	2.797000	0.040111	2.071630
160.600000	2.810000	0.314888	1.875086
160.400000	2.844000	0.071047	1.982854
160.200000	2.849000	0.110767	2.027957
160.000000	2.810000	0.007743	1.647272
159.800000	2.817000	-0.001202	2.138945
159.600000	2.850000	0.130223	1.759430
159.400000	2.843000	0.002527	1.795757
159.200000	2.802000	0.032935	1.997556
159.000000	2.801000	-0.099201	1.691308
158.800000	2.853000	0.117863	1.904080
158.600000	2.833000	-0.141088	2.037522
158.400000	2.799000	0.150069	1.879774
158.200000	2.806000	0.027023	2.180347
158.000000	2.836000	0.100963	2.115612
157.800000	2.824000	0.109816	2.065268
157.600000	2.798000	0.161358	2.151180
157.400000	2.810000	0.169827	1.822489
157.200000	2.843000	0.245063	2.079316
157.000000	2.850000	0.245115	2.015113
156.800000	2.812000	0.420837	1.852128
156.600000	2.816000	0.159054	1.620205
156.400000	2.849000	0.357096	1.839161
156.200000	2.844000	0.294254	1.902758
156.000000	2.803000	0.107812	1.926059
155.800000	2.800000	0.309081	2.009696
155.600000	2.852000	0.103698	2.103947
155.400000	2.837000	0.220786	2.091601
155.200000	2.799000	0.010128	1.980024
155.000000	2.802000	0.148773	1.895518
154.800000	2.830000	-0.114622	1.907482
154.600000	2.853000	0.140010	1.780517
154.400000	2.797000	0.032529	2.085010
154.200000	2.805000	0.151764	2.003184
154.000000	2.836000	0.208806	1.941859
153.800000	2.852000	0.092156	2.083746
153.600000	2.820000	0.338831	2.111113
153.400000	2.809000	0.184056	1.983972
153.200000	2.842000	0.402358	2.037542
153.000000	2.849000	0.157598	1.865023
152.800000	2.811000	0.412764	2.002055
152.600000	2.798000	0.354325	2.039431
152.400000	2.847000	0.117197	1.654452
152.200000	2.843000	0.480639	2.011961
152.000000	2.803000	0.207752	1.976540
151.800000	2.800000	0.216391	1.745327
151.600000	2.824000	0.152918	2.132664
151.400000	2.852000	0.001790	1.746285
151.200000	2.799000	0.113833	2.012521
151.000000	2.802000	-0.066328	2.090535
150.800000	2.830000	0.330807	1.689933
150.600000	2.852000	-0.173205	2.102603
150.400000	2.825000	0.147079	1.840823
150.200000	2.806000	-0.047079	1.723922
150.000000	2.838000	0.028757	2.103511
149.800000	2.850000	0.144140	1.404052
149.600000	2.813000	-0.037341	1.906335
149.400000	2.796000	0.209150	1.719794
149.200000	2.815000	0.152878	1.552732
149.000000	2.844000	0.184246	1.977101
148.800000	2.803000	0.265599	1.544096
148.600000	2.799000	0.113616	1.795743
148.400000	2.823000	0.228035	2.004097
148.200000	2.852000	0.236192	1.608170
148.000000	2.798000	0.339215	1.948188
147.800000	2.802000	0.382649	1.881654
147.600000	2.831000	0.280171	1.631681
147.400000	2.851000	0.408743	1.980389
147.200000	2.821000	0.204832	1.720866
147.000000	2.808000	0.407288	1.647567
146.800000	2.841000	0.217127	1.922757
146.600000	2.848000	0.333949	1.594699
146.400000	2.809000	0.262744	1.843080
146.200000	2.797000	0.346838	1.901937
146.000000	2.818000	0.268263	1.488418
145.800000	2.842000	0.252321	1.832869
145.600000	2.801000	0.289868	1.729508
145.400000	2.800000	0.136597	1.526512
145.200000	2.827000	0.126521	1.876973
145.000000	2.852000	0.015115	1.575154
144.800000	2.797000	0.166218	1.747830
144.600000	2.805000	-0.052758	1.810120
144.400000	2.836000	0.103073	1.600054
144.200000	2.851000	0.054817	1.943489
144.000000	2.816000	0.045588	1.597102
143.800000	2.796000	0.146388	1.953754
143.600000	2.844000	0.018047	1.835915
143.400000	2.847000	0.268040	1.501082
143.200000	2.806000	-0.129065	2.023963
143.000000	2.798000	0.254037	1.672902
142.800000	2.819000	0.095447	1.725351
142.600000	2.840000	0.217220	1.857269
142.400000	2.800000	0.134341	1.589937
142.200000	2.800000	0.229227	1.859360
142.000000	2.827000	0.258620	1.885352
141.800000	2.852000	0.070358	1.466430
141.600000	2.796000	0.328211	1.968434
141.400000	2.804000	0.170821	1.688275
141.200000	2.836000	0.338006	1.507372
141.000000	2.850000	0.231029	1.931020
140.800000	2.815000	0.407383	1.771443
140.600000	2.796000	0.273783	1.718248
140.400000	2.844000	0.256072	1.753908
140.200000	2.846000	0.399494	1.488057
140.000000	2.805000	0.237532	1.775020
