#lab INRiM MiCb 30mK
#hv keithley6487
#s CNTArO2Etching_N1new
#t 
#d 0.5
#V 70
#
#Time	Temp	Current
# s	K	pA	
0.000000	3.370104	20655.490000
5.000318	3.373425	20425.710000
10.001127	3.368956	20365.420000
15.000614	3.370784	20352.490000
20.001119	3.371480	20335.350000
25.000516	3.369814	20391.300000
30.000360	3.371307	20254.250000
35.000440	3.369836	20380.780000
40.001033	3.371059	20314.350000
45.000837	3.369619	20411.980000
50.001790	3.369751	20386.760000
55.002711	3.367643	20339.480000
60.002654	3.369655	20349.840000
65.003199	3.367947	20309.030000
70.004225	3.368722	20359.550000
75.003674	3.368512	20329.850000
80.003867	3.370282	20394.350000
85.003806	3.366337	20345.340000
90.003543	3.366931	20362.170000
95.005272	3.369272	20304.010000
100.004542	3.368556	20338.530000
105.004518	3.365820	20382.150000
110.006077	3.366820	20285.020000
115.005934	3.368282	20394.070000
120.005708	3.364035	20302.690000
125.006019	3.366230	20301.850000
130.005604	3.367299	20269.040000
135.005505	3.366664	20265.370000
140.005930	3.366319	20262.130000
145.005882	3.366626	20241.990000
150.005834	3.367480	20189.910000
155.006144	3.363227	20265.200000
160.005442	3.363454	20227.760000
165.006196	3.364678	20270.770000
170.007098	3.363855	20254.620000
175.006808	3.360147	20217.130000
180.006621	3.364039	20270.290000
185.006526	3.361018	20267.340000
190.007029	3.363570	20285.430000
195.007904	3.363928	20260.590000
200.007765	3.361037	20346.730000
205.007427	3.361783	20334.810000
210.007431	3.360760	20185.490000
215.007355	3.362382	20271.460000
220.007393	3.360945	20212.120000
225.009245	3.359732	20375.070000
230.008760	3.361015	20210.530000
235.010330	3.360760	20220.710000
240.009567	3.358655	20313.480000
245.010633	3.359540	20281.840000
250.010561	3.358804	20345.000000
255.011214	3.358846	20273.400000
260.010390	3.360541	20236.380000
265.010550	3.358977	20334.460000
270.011099	3.355864	20293.160000
275.011145	3.358596	20328.890000
280.010558	3.357428	20236.250000
285.011065	3.355013	20402.070000
290.011161	3.357552	20179.480000
295.010377	3.358097	20285.980000
300.011789	3.357198	20339.740000
305.011981	3.357071	20352.590000
310.012991	3.357453	20383.720000
315.012589	3.354021	20314.760000
320.013575	3.355026	20366.730000
325.014845	3.356631	20216.370000
330.014556	3.354651	20274.330000
335.014371	3.351393	20236.150000
340.014810	3.353190	20330.910000
345.014528	3.354033	20219.230000
350.014970	3.353472	20327.220000
355.014686	3.350917	20291.260000
360.014921	3.352563	20233.480000
365.015225	3.352998	20281.440000
370.014558	3.353119	20275.620000
375.014370	3.353342	20308.980000
380.014469	3.353139	20245.750000
385.014696	3.351727	20265.950000
390.016110	3.350361	20246.900000
395.015455	3.352060	20286.810000
400.016316	3.351009	20315.460000
405.015849	3.348525	20290.600000
410.015369	3.350018	20282.370000
415.015533	3.350222	20254.630000
420.015501	3.349297	20342.990000
425.016937	3.349191	20258.600000
430.018053	3.347901	20292.750000
435.017471	3.347548	20280.680000
440.018806	3.349807	20294.020000
445.018690	3.349710	20327.030000
450.018647	3.346588	20266.520000
455.018573	3.347067	20310.350000
460.018789	3.348813	20318.830000
465.019136	3.345513	20340.820000
470.018496	3.345526	20344.640000
475.018851	3.343242	20380.010000
480.018809	3.346853	20318.110000
485.018729	3.345195	20303.640000
490.018372	3.344384	20304.030000
495.018686	3.346783	20298.830000
500.018410	3.344433	20307.020000
505.019351	3.343467	20314.140000
510.019761	3.343783	20212.660000
515.021195	3.342946	20291.960000
520.020810	3.342127	20300.200000
525.022018	3.342284	20278.320000
530.021522	3.342738	20308.470000
535.021607	3.340421	20334.300000
540.021526	3.341749	20236.210000
545.021555	3.344344	20265.310000
550.022603	3.343332	20289.770000
555.023537	3.340041	20158.530000
560.024749	3.341267	20229.780000
565.024731	3.340346	20303.870000
570.024375	3.341790	20262.030000
575.025201	3.341309	20340.010000
580.026345	3.340106	20340.120000
585.026937	3.339160	20190.120000
590.026733	3.339902	20350.110000
595.027736	3.339929	20367.490000
600.027967	3.339624	20298.340000
605.029120	3.337912	20346.380000
610.028697	3.338985	20190.180000
615.030275	3.336627	20379.990000
620.029432	3.335201	20278.790000
625.029631	3.337256	20273.020000
630.029826	3.337679	20290.190000
635.030936	3.337113	20194.690000
640.031983	3.338941	20335.350000
645.031996	3.335536	20228.020000
650.033204	3.335525	20390.920000
655.033494	3.337144	20315.690000
660.034118	3.337003	20298.280000
665.033575	3.335065	20476.050000
670.034770	3.333031	20239.470000
675.034431	3.334959	20443.620000
680.034390	3.333984	20217.490000
685.035759	3.331763	20397.410000
690.035433	3.332603	20294.320000
695.035663	3.334145	20391.910000
700.036932	3.333238	20310.310000
705.038007	3.332616	20318.810000
710.038377	3.333655	20238.320000
715.038984	3.333478	20402.880000
720.040300	3.334942	20285.210000
725.041185	3.333708	20324.460000
730.040621	3.332339	20294.480000
735.041294	3.329702	20264.930000
740.040466	3.332194	20430.570000
745.040514	3.329395	20237.860000
750.042293	3.327394	20337.590000
755.042656	3.328292	20334.790000
760.043586	3.330764	20381.830000
765.043755	3.327872	20309.840000
770.043793	3.329403	20375.340000
775.043645	3.332346	20229.960000
780.043561	3.324850	20376.090000
785.043751	3.328645	20243.040000
790.044217	3.330569	20387.560000
795.044089	3.328058	20225.580000
800.043538	3.326272	20229.140000
805.043439	3.326715	20351.480000
810.043402	3.325182	20286.310000
815.043541	3.325760	20353.150000
820.044137	3.323248	20279.710000
825.045030	3.322483	20318.090000
830.044359	3.324859	20319.280000
835.046287	3.321501	20301.850000
840.047194	3.325763	20227.920000
845.047646	3.321042	20315.990000
850.047687	3.321713	20213.670000
855.047723	3.322314	20369.490000
860.049242	3.321951	20150.630000
865.049313	3.323425	20220.230000
870.048955	3.321042	20223.980000
875.048741	3.323610	20362.330000
880.049809	3.322338	20253.600000
885.050983	3.319350	20347.580000
890.050393	3.321016	20275.400000
895.051674	3.317954	20310.740000
900.052694	3.316649	20137.470000
905.053849	3.322016	20358.560000
910.054370	3.318499	20230.360000
915.054825	3.319012	20348.270000
920.055086	3.319277	20265.660000
925.054689	3.318093	20363.790000
930.054399	3.319619	20207.040000
935.055109	3.316875	20393.850000
940.055341	3.316372	20220.590000
945.055864	3.318151	20337.800000
950.055598	3.313852	20324.860000
955.055828	3.319231	20318.700000
960.056316	3.314867	20342.540000
965.056158	3.316621	20324.450000
970.055985	3.315188	20242.690000
975.055554	3.317291	20263.570000
980.056225	3.311432	20387.930000
985.055869	3.313862	20307.980000
990.055402	3.315825	20371.650000
995.055925	3.313931	20303.580000
1000.055933	3.312470	20352.160000
1005.055974	3.314073	20362.430000
1010.055485	3.313405	20360.200000
1015.055431	3.312451	20286.710000
1020.055922	3.315560	20435.680000
1025.055575	3.311638	20316.370000
1030.057022	3.313223	20266.570000
1035.056712	3.312668	20264.720000
1040.056576	3.310789	20239.990000
1045.058249	3.309226	20255.620000
1050.057451	3.310961	20285.200000
1055.057446	3.310780	20242.850000
1060.058001	3.310651	20264.490000
1065.057417	3.309133	20353.420000
1070.059244	3.309339	20258.000000
1075.059934	3.310414	20421.520000
1080.060590	3.309983	20211.440000
1085.060859	3.308956	20303.970000
1090.060614	3.304003	20266.890000
1095.060637	3.305979	20285.530000
1100.062031	3.307136	20200.840000
1105.061436	3.310325	20326.000000
1110.061629	3.306616	20313.730000
1115.061463	3.305237	20259.130000
1120.061466	3.306893	20345.170000
1125.061398	3.305310	20263.760000
1130.062033	3.303587	20235.210000
1135.063244	3.306127	20341.870000
1140.063328	3.306163	20278.050000
1145.063884	3.304248	20357.210000
1150.064052	3.300297	20374.720000
1155.063684	3.306999	20328.550000
1160.065269	3.302132	20300.470000
1165.066135	3.300974	20254.670000
1170.066849	3.301851	20255.110000
1175.067924	3.302085	20189.650000
1180.069116	3.301606	20249.640000
1185.069902	3.303123	20321.230000
1190.071170	3.301304	20239.100000
1195.072257	3.302652	20282.210000
1200.071757	3.302059	20334.370000
1205.071941	3.304041	20259.180000
1210.071871	3.302745	20249.190000
1215.073297	3.299935	20277.860000
1220.072444	3.297859	20288.770000
1225.072429	3.299095	20270.430000
1230.072993	3.297596	20288.950000
1235.072817	3.297479	20330.180000
1240.072810	3.297867	20250.960000
1245.072582	3.297602	20365.230000
1250.072519	3.295691	20328.510000
1255.073250	3.297803	20228.820000
1260.073079	3.297649	20240.330000
1265.072444	3.296434	20369.640000
1270.072365	3.294501	20288.680000
1275.072549	3.296259	20250.030000
1280.074322	3.294314	20327.720000
1285.074046	3.294407	20211.800000
1290.075046	3.294068	20372.300000
1295.075067	3.293984	20303.430000
1300.075063	3.294618	20386.890000
1305.074450	3.296531	20438.350000
1310.075757	3.295398	20284.530000
1315.075814	3.294130	20345.040000
1320.075872	3.295252	20273.690000
1325.076736	3.294728	20333.110000
1330.076823	3.290961	20227.410000
1335.076948	3.290870	20386.710000
1340.077839	3.292060	20307.250000
1345.077730	3.289045	20311.700000
1350.077732	3.293608	20228.960000
1355.079002	3.292615	20317.370000
1360.078960	3.290643	20254.970000
1365.079992	3.291106	20438.140000
1370.079700	3.289719	20216.070000
1375.079718	3.288707	20295.840000
1380.079467	3.288690	20289.530000
1385.079565	3.289786	20352.050000
1390.079632	3.291075	20377.960000
1395.080292	3.286164	20450.700000
1400.079973	3.284790	20380.290000
1405.079532	3.289478	20466.130000
1410.079571	3.286638	20430.260000
1415.081062	3.286868	20403.320000
1420.080888	3.286368	20326.740000
1425.081981	3.283948	20521.400000
1430.081471	3.287781	20440.460000
1435.081763	3.286726	20376.950000
1440.081505	3.284520	20372.650000
1445.082120	3.283174	20421.440000
1450.082613	3.280693	20448.130000
1455.083025	3.282338	20341.330000
1460.083055	3.286057	20388.600000
1465.082414	3.282410	20505.200000
1470.083989	3.283115	20319.000000
1475.085173	3.282515	20432.730000
1480.084977	3.280233	20389.210000
1485.084718	3.283522	20451.140000
1490.084659	3.279470	20431.750000
1495.084540	3.278068	20369.250000
1500.085170	3.280012	20371.130000
1505.085306	3.280369	20481.520000
1510.084602	3.277544	20461.080000
1515.084389	3.277519	20421.230000
1520.084526	3.281674	20394.500000
1525.084566	3.279144	20385.480000
1530.085004	3.277377	20500.950000
1535.084568	3.278525	20446.900000
1540.084583	3.278960	20402.390000
1545.084740	3.277459	20360.090000
1550.085079	3.277185	20465.100000
1555.084418	3.275848	20312.210000
1560.085031	3.273907	20409.000000
1565.084610	3.276533	20439.980000
1570.084851	3.274605	20392.990000
1575.084778	3.278044	20535.730000
1580.084939	3.273998	20391.250000
1585.084823	3.278060	20501.180000
1590.084511	3.275969	20421.070000
1595.085122	3.274537	20452.840000
1600.086114	3.274227	20436.590000
1605.086647	3.276308	20401.580000
1610.086874	3.272717	20366.540000
1615.087119	3.274656	20274.970000
1620.086789	3.276896	20399.400000
1625.088252	3.269830	20397.180000
1630.089149	3.272906	20402.390000
1635.088638	3.273724	20296.120000
1640.089278	3.271708	20386.330000
1645.089101	3.271589	20370.820000
1650.089327	3.273175	20478.440000
1655.088545	3.274145	20397.360000
1660.088446	3.269979	20456.150000
1665.089845	3.271960	20515.700000
1670.089867	3.270763	20338.470000
1675.089709	3.269110	20408.740000
1680.089818	3.267709	20482.860000
1685.090056	3.270821	20355.180000
1690.091167	3.269235	20453.320000
1695.090684	3.267576	20385.620000
1700.091989	3.271022	20411.860000
1705.093281	3.269126	20431.050000
1710.093906	3.264609	20293.580000
1715.093826	3.268643	20406.560000
1720.095073	3.269216	20495.700000
1725.094893	3.265918	20401.780000
1730.095494	3.267669	20428.030000
1735.095392	3.266018	20411.490000
1740.096391	3.265229	20394.120000
1745.096773	3.267149	20497.610000
1750.096611	3.268047	20408.350000
1755.096678	3.263047	20425.430000
1760.096669	3.265410	20508.430000
1765.097034	3.265277	20388.780000
1770.097106	3.264335	20435.670000
1775.096744	3.263075	20426.420000
1780.096908	3.264934	20434.130000
1785.096389	3.263783	20397.070000
1790.097464	3.264275	20381.410000
1795.097579	3.258838	20430.210000
1800.097928	3.263960	20377.240000
1805.097911	3.261734	20431.250000
1810.097545	3.261557	20498.890000
1815.097959	3.264261	20412.550000
1820.097714	3.260043	20436.710000
1825.097541	3.259632	20368.560000
1830.097425	3.261521	20427.090000
1835.097404	3.260978	20398.950000
1840.097841	3.259216	20457.000000
1845.097613	3.261019	20371.120000
1850.097564	3.261150	20504.500000
1855.097960	3.257068	20390.280000
1860.097946	3.257793	20432.130000
1865.099348	3.257682	20369.240000
1870.100110	3.258998	20410.610000
1875.100780	3.256514	20428.980000
1880.102116	3.256362	20392.010000
1885.102860	3.255603	20358.470000
1890.103951	3.255150	20403.950000
1895.103439	3.256669	20313.010000
1900.103813	3.258348	20465.880000
1905.104047	3.254189	20393.840000
1910.103495	3.250707	20470.170000
1915.105031	3.258030	20453.300000
1920.105693	3.254980	20317.940000
1925.106155	3.253501	20515.070000
1930.106090	3.253864	20384.070000
1935.105726	3.256352	20366.560000
1940.105913	3.253155	20331.180000
1945.105991	3.256049	20359.750000
1950.105627	3.251518	20431.700000
1955.105532	3.252878	20344.900000
1960.105793	3.251154	20326.440000
1965.105500	3.253055	20397.100000
1970.107312	3.251484	20385.780000
1975.107336	3.250482	20367.490000
1980.106841	3.252761	20394.080000
1985.106380	3.253077	20364.870000
1990.106961	3.251058	20329.950000
1995.106554	3.251690	20395.430000
2000.106603	3.252925	20394.550000
2005.106997	3.248940	20270.950000
2010.106792	3.252969	20430.170000
2015.106684	3.250061	20361.520000
2020.106723	3.248996	20330.120000
2025.106658	3.247310	20453.870000
2030.106623	3.248145	20331.920000
2035.108184	3.249749	20424.620000
2040.108045	3.246008	20363.850000
2045.108872	3.248115	20353.110000
2050.108568	3.251425	20437.080000
2055.110220	3.245362	20378.610000
2060.110542	3.246927	20325.970000
2065.110561	3.244092	20397.500000
2070.110613	3.245812	20472.730000
2075.111161	3.246783	20402.390000
2080.110884	3.248038	20541.070000
2085.110705	3.245422	20419.320000
2090.111201	3.243968	20409.210000
2095.110434	3.245848	20491.310000
2100.110575	3.247700	20413.000000
2105.110530	3.241970	20495.250000
2110.110679	3.245865	20519.550000
2115.110899	3.247148	20481.820000
2120.111151	3.243100	20478.170000
2125.110681	3.243619	20464.020000
2130.112229	3.245679	20544.580000
2135.112988	3.244058	20396.290000
2140.112642	3.242544	20404.730000
2145.112756	3.245366	20428.770000
2150.112830	3.239109	20414.390000
2155.112766	3.239255	20486.830000
2160.112638	3.241623	20412.290000
2165.113837	3.240111	20434.900000
2170.114313	3.241084	20403.560000
2175.114717	3.238232	20460.990000
2180.114574	3.242162	20455.510000
2185.114774	3.242979	20508.860000
2190.115407	3.238932	20445.870000
2195.117298	3.237386	20458.180000
2200.117802	3.238340	20439.660000
2205.118235	3.237246	20452.220000
2210.118029	3.239779	20429.140000
2215.118548	3.239508	20391.140000
2220.119887	3.236028	20473.710000
2225.119690	3.235639	20485.470000
2230.120976	3.237621	20471.060000
2235.121777	3.238449	20469.450000
2240.123262	3.235669	20528.090000
2245.124229	3.236745	20483.040000
2250.123448	3.238667	20445.540000
2255.123552	3.237611	20410.680000
2260.125334	3.235255	20420.310000
2265.124414	3.238032	20455.000000
2270.125246	3.233812	20422.330000
2275.126069	3.236799	20418.530000
2280.127213	3.236139	20441.240000
2285.127110	3.235441	20438.960000
2290.126576	3.234958	20422.460000
2295.127093	3.236541	20407.090000
2300.126921	3.233424	20445.270000
2305.126386	3.232044	20448.010000
2310.127280	3.231686	20397.890000
2315.126638	3.233958	20403.730000
2320.127834	3.231907	20385.490000
2325.128977	3.231763	20416.620000
2330.129198	3.231597	20422.610000
2335.128786	3.230400	20446.570000
2340.128519	3.231209	20429.540000
2345.129167	3.233325	20438.020000
2350.128518	3.229742	20475.430000
2355.128507	3.228669	20429.780000
2360.128778	3.230185	20423.160000
2365.128395	3.230977	20448.520000
2370.128553	3.230755	20399.130000
2375.128622	3.228957	20401.090000
2380.129570	3.229383	20432.300000
2385.129641	3.226201	20461.790000
2390.130133	3.226668	20501.690000
2395.129440	3.229175	20381.890000
2400.129965	3.225754	20411.520000
2405.129711	3.227333	20402.040000
2410.129935	3.227873	20509.340000
2415.130413	3.228114	20457.860000
2420.131216	3.225104	20447.980000
2425.131318	3.226306	20411.610000
2430.130527	3.227060	20434.590000
2435.131360	3.226175	20390.050000
2440.132718	3.224464	20459.190000
2445.132360	3.226038	20402.300000
2450.132499	3.226573	20399.960000
2455.133073	3.221834	20389.230000
2460.132892	3.224973	20443.440000
2465.132885	3.224149	20399.470000
2470.133165	3.221415	20360.250000
2475.133502	3.222638	20422.150000
2480.134656	3.221413	20389.310000
2485.134570	3.219053	20412.590000
2490.134947	3.222846	20413.300000
2495.135270	3.222021	20428.290000
2500.134740	3.221048	20376.480000
2505.134896	3.220415	20400.000000
2510.134856	3.222453	20405.630000
2515.134812	3.222707	20446.450000
2520.135386	3.218402	20365.650000
2525.135921	3.221528	20356.780000
2530.135630	3.219826	20413.470000
2535.136014	3.218035	20426.870000
2540.135880	3.219214	20424.740000
2545.135786	3.218127	20427.490000
2550.136304	3.218312	20400.260000
2555.135518	3.217842	20380.520000
2560.135957	3.217811	20431.390000
2565.135376	3.219166	20414.270000
2570.135932	3.214910	20402.360000
2575.136292	3.216996	20487.290000
2580.136807	3.220904	20423.490000
2585.137313	3.217250	20399.170000
2590.136788	3.218012	20442.610000
2595.136655	3.215490	20418.120000
2600.136730	3.212826	20379.780000
2605.137345	3.214323	20425.960000
2610.136573	3.214585	20533.070000
2615.136375	3.211443	20454.460000
2620.136841	3.212674	20432.110000
2625.136535	3.213971	20407.790000
2630.136385	3.212114	20508.450000
2635.136374	3.210737	20395.290000
2640.136736	3.211700	20397.540000
2645.136514	3.214476	20467.650000
2650.137895	3.215890	20449.930000
2655.138941	3.211230	20435.590000
2660.139925	3.210743	20459.520000
2665.140326	3.208369	20465.400000
2670.140068	3.210955	20471.930000
2675.141168	3.211297	20460.670000
2680.140641	3.210938	20478.250000
2685.141063	3.211618	20413.670000
2690.141097	3.208097	20483.790000
2695.140514	3.209734	20428.300000
2700.140794	3.208227	20432.870000
2705.142319	3.208564	20428.330000
2710.141806	3.210277	20438.010000
2715.141575	3.207750	20403.230000
2720.142982	3.209525	20422.210000
2725.143379	3.209923	20367.010000
2730.143517	3.207439	20377.610000
2735.144188	3.206075	20501.600000
2740.143854	3.204875	20460.610000
2745.143857	3.205178	20469.380000
2750.143443	3.203329	20533.300000
2755.143943	3.207624	20420.120000
2760.143909	3.203254	20395.900000
2765.144906	3.207958	20470.290000
2770.145961	3.203796	20492.420000
2775.145473	3.204568	20384.290000
2780.145500	3.205772	20458.590000
2785.146712	3.199878	20463.320000
2790.146837	3.202579	20471.360000
2795.147666	3.204295	20444.290000
2800.149034	3.199902	20464.400000
2805.149721	3.199759	20420.380000
2810.151092	3.201361	20498.190000
2815.152227	3.199604	20384.470000
2820.152966	3.198054	20396.170000
2825.152483	3.202456	20419.150000
2830.153943	3.203099	20401.380000
2835.154322	3.200717	20409.540000
2840.154781	3.200393	20405.080000
2845.155833	3.198911	20438.890000
2850.155706	3.200474	20415.260000
2855.156863	3.199400	20458.780000
2860.156981	3.199584	20367.710000
2865.157385	3.199186	20419.900000
2870.157423	3.197213	20436.830000
2875.157417	3.197727	20451.330000
2880.157564	3.199870	20399.810000
2885.158121	3.196227	20524.120000
2890.157575	3.198558	20358.530000
2895.158196	3.197067	20417.570000
2900.157417	3.193565	20409.120000
2905.157701	3.195530	20457.030000
2910.159173	3.198385	20364.990000
2915.159000	3.193771	20466.370000
2920.158532	3.196661	20428.250000
2925.159891	3.194319	20385.160000
2930.159626	3.192350	20315.520000
2935.160383	3.194286	20449.320000
2940.162140	3.194923	20399.540000
2945.162147	3.196088	20352.080000
2950.163290	3.190893	20406.620000
2955.162392	3.191711	20391.290000
2960.162560	3.194782	20416.950000
2965.162945	3.190609	20388.730000
2970.162572	3.191879	20440.790000
2975.163828	3.193446	20428.500000
2980.163561	3.186336	20479.650000
2985.164485	3.189900	20462.000000
2990.164602	3.189846	20367.210000
2995.165317	3.190764	20447.900000
3000.165308	3.188164	20386.950000
3005.165328	3.190016	20455.490000
3010.166238	3.188048	20473.240000
3015.166264	3.189412	20469.380000
3020.166231	3.186568	20370.590000
3025.166073	3.189605	20447.310000
3030.166234	3.187716	20457.110000
3035.165542	3.187326	20435.960000
3040.165806	3.188018	20381.960000
3045.165439	3.184891	20404.110000
3050.167123	3.186561	20402.820000
3055.168338	3.187180	20432.180000
3060.167513	3.185635	20445.090000
3065.167425	3.184576	20379.700000
3070.167974	3.187040	20423.920000
3075.167447	3.185759	20396.750000
3080.168328	3.182186	20424.330000
3085.168213	3.184400	20470.470000
3090.167366	3.186186	20393.690000
3095.168865	3.185823	20467.750000
3100.169754	3.185342	20400.130000
3105.169737	3.181480	20390.210000
3110.171032	3.185241	20406.880000
3115.172289	3.181711	20382.090000
3120.173226	3.181888	20418.840000
3125.172351	3.181529	20415.660000
3130.173238	3.180583	20384.500000
3135.172778	3.181618	20345.720000
3140.172669	3.183468	20419.940000
3145.172858	3.180802	20396.480000
3150.172716	3.181227	20379.840000
3155.172488	3.181630	20381.070000
3160.172969	3.177673	20384.310000
3165.172649	3.182297	20379.570000
3170.172369	3.180552	20369.750000
3175.172425	3.177274	20323.880000
3180.173767	3.177485	20393.660000
3185.173800	3.179646	20411.270000
3190.174037	3.181868	20442.590000
3195.174706	3.175606	20400.170000
3200.174396	3.177902	20398.770000
3205.174793	3.179507	20418.720000
3210.175606	3.175546	20451.160000
3215.176251	3.176751	20441.670000
3220.176244	3.176159	20395.410000
3225.175382	3.177902	20439.860000
3230.175379	3.175188	20424.000000
3235.176881	3.173329	20447.370000
3240.176651	3.179083	20474.530000
3245.177143	3.172756	20421.050000
3250.177142	3.176557	20457.350000
3255.178160	3.174205	20434.770000
3260.177453	3.174944	20465.480000
3265.177427	3.174246	20435.010000
3270.177397	3.176762	20424.410000
3275.178142	3.174778	20321.810000
3280.178824	3.174901	20427.660000
3285.178916	3.176782	20407.530000
3290.179066	3.175379	20423.290000
3295.180191	3.172351	20443.260000
3300.180021	3.171218	20322.020000
3305.179753	3.172826	20397.550000
3310.179480	3.169605	20438.640000
3315.180780	3.170953	20434.780000
3320.181041	3.173925	20398.090000
3325.180454	3.169340	20438.560000
3330.180522	3.168586	20460.090000
3335.180730	3.173018	20335.820000
3340.181965	3.171046	20402.870000
3345.181565	3.169022	20356.810000
3350.181911	3.169127	20513.900000
3355.181760	3.169243	20342.930000
3360.182797	3.165708	20427.750000
3365.182878	3.168526	20383.690000
3370.182435	3.166381	20417.230000
3375.184323	3.166944	20398.330000
3380.183545	3.166924	20491.380000
3385.183362	3.163603	20392.680000
3390.183932	3.165684	20393.940000
3395.184348	3.165081	20554.980000
3400.183721	3.167640	20496.920000
3405.184015	3.167976	20480.360000
3410.183894	3.166021	20425.520000
3415.184228	3.161395	20453.900000
3420.185082	3.164457	20490.190000
3425.185881	3.163409	20395.870000
3430.185626	3.163100	20386.720000
3435.186285	3.164372	20607.660000
3440.186627	3.162579	20367.760000
3445.186584	3.165983	20453.140000
3450.187129	3.161210	20505.810000
3455.187111	3.163594	20403.600000
3460.187094	3.162351	20460.330000
3465.186962	3.158991	20376.990000
3470.186716	3.161732	20502.020000
3475.186790	3.160704	20403.530000
3480.187126	3.159166	20487.250000
3485.187972	3.160877	20409.430000
3490.188918	3.160946	20466.980000
3495.189124	3.158341	20380.260000
3500.189310	3.160636	20545.860000
3505.190155	3.160607	20361.990000
3510.189352	3.161362	20493.080000
3515.190926	3.161185	20316.720000
3520.191318	3.159759	20504.090000
3525.191171	3.157660	20531.440000
3530.190560	3.157817	20440.890000
3535.192316	3.159638	20615.390000
3540.191358	3.155993	20421.910000
3545.191907	3.156016	20416.340000
3550.193347	3.155559	20450.790000
3555.192714	3.158038	20432.350000
3560.194138	3.155342	20447.620000
3565.195184	3.154471	20393.450000
3570.196330	3.155080	20460.340000
3575.196256	3.153016	20585.320000
3580.195441	3.154239	20426.320000
3585.196197	3.158839	20496.870000
3590.196102	3.155076	20507.170000
3595.195508	3.151199	20482.790000
3600.196652	3.155993	20453.760000
3605.198130	3.153622	20489.550000
3610.197920	3.153188	20439.570000
3615.197364	3.154660	20394.770000
3620.197992	3.154380	20516.130000
3625.197365	3.153327	20490.420000
3630.197991	3.153615	20495.080000
3635.197666	3.151090	20479.520000
3640.197428	3.153026	20517.210000
3645.197529	3.152143	20535.090000
3650.197638	3.152621	20382.970000
3655.198025	3.150807	20538.660000
3660.197422	3.151927	20453.410000
3665.197580	3.153526	20469.680000
3670.197626	3.151339	20542.410000
3675.197977	3.151791	20399.010000
3680.197870	3.148164	20496.970000
3685.199138	3.150481	20425.110000
3690.198357	3.147717	20470.380000
3695.198522	3.150663	20348.870000
3700.198637	3.149661	20513.270000
3705.199110	3.146466	20344.790000
3710.200251	3.144434	20424.880000
3715.199465	3.149358	20390.590000
3720.199820	3.145187	20429.320000
3725.199582	3.142623	20544.660000
3730.199390	3.144660	20313.520000
3735.200103	3.144252	20564.820000
3740.201167	3.145236	20296.530000
3745.200788	3.140712	20478.660000
3750.200972	3.146862	20534.600000
3755.201002	3.143996	20319.610000
3760.201150	3.144013	20377.310000
3765.201120	3.144175	20376.410000
3770.201513	3.141007	20303.100000
3775.201814	3.141582	20477.570000
3780.201665	3.143615	20618.200000
3785.201821	3.144021	20121.930000
3790.202327	3.141855	20471.360000
3795.201357	3.142636	20184.410000
3800.202744	3.144331	20398.700000
3805.204142	3.141151	20771.320000
3810.203355	3.138536	20697.340000
3815.203510	3.140405	20381.160000
3820.205197	3.140486	20557.750000
3825.204567	3.137531	20431.990000
3830.204422	3.139530	20415.770000
3835.206259	3.139238	20419.150000
3840.205735	3.136557	20358.070000
3845.205390	3.140006	20408.240000
3850.207280	3.137853	20402.790000
3855.207093	3.136728	20416.280000
3860.207637	3.136289	20473.510000
3865.207650	3.137077	20390.240000
3870.208730	3.137270	20250.630000
3875.210168	3.136420	20589.720000
3880.210489	3.136040	20380.950000
3885.210522	3.135218	20693.980000
3890.210934	3.134247	20448.700000
3895.212241	3.138815	20551.090000
3900.212923	3.136412	20504.200000
3905.213289	3.134709	20463.560000
3910.213330	3.133561	20456.960000
3915.214272	3.136440	20574.760000
3920.213952	3.132487	20515.560000
3925.214259	3.131478	20471.800000
3930.213522	3.135074	20556.180000
3935.213359	3.133468	20521.320000
3940.214214	3.133227	20525.730000
3945.213440	3.133291	20674.620000
3950.215009	3.135993	20525.100000
3955.215181	3.131195	20542.520000
3960.214518	3.134218	20664.720000
3965.215157	3.131904	20761.040000
3970.215226	3.131018	20461.620000
3975.214437	3.132564	20453.530000
3980.215245	3.128304	20440.900000
3985.214637	3.130661	20262.070000
3990.214860	3.131488	20259.140000
3995.214905	3.128387	20725.850000
4000.215171	3.130674	20492.740000
4005.215783	3.126952	20571.730000
4010.216775	3.129871	20359.380000
4015.216729	3.129284	20629.770000
4020.216935	3.128651	20649.410000
4025.217303	3.130725	20679.030000
4030.217320	3.131162	20461.150000
4035.216871	3.129004	20473.670000
4040.217653	3.128449	20463.490000
4045.218976	3.128590	20677.970000
4050.219169	3.124726	20460.860000
4055.219509	3.126209	20333.400000
4060.219996	3.127870	20711.830000
4065.220395	3.126089	20626.570000
4070.220828	3.123677	20411.130000
4075.222132	3.125993	20707.520000
4080.222112	3.127083	20565.250000
4085.223313	3.126123	20605.740000
4090.222441	3.128824	20551.060000
4095.222402	3.123843	20384.540000
4100.222623	3.123917	20295.380000
4105.222369	3.122783	20571.650000
4110.222590	3.126223	20332.230000
4115.223939	3.122359	20606.680000
4120.224196	3.123864	20331.780000
4125.223667	3.123001	20452.580000
4130.224948	3.124887	20517.540000
4135.224673	3.121195	20399.840000
4140.225258	3.121416	20617.130000
4145.226188	3.123813	20564.490000
4150.226085	3.122698	20630.440000
4155.227038	3.119644	20416.280000
4160.228127	3.122072	20536.050000
4165.229185	3.118963	20578.060000
4170.230109	3.119335	20720.270000
4175.230296	3.121006	20514.730000
4180.230351	3.120913	20769.440000
4185.231125	3.118413	20671.670000
4190.230494	3.117733	20780.580000
4195.230964	3.121717	20499.890000
4200.230498	3.118562	20578.860000
4205.230527	3.117108	20614.310000
4210.230410	3.118295	20645.840000
4215.230967	3.117789	20576.470000
4220.230797	3.117544	20604.500000
4225.230570	3.118788	20648.590000
4230.230387	3.117011	20419.540000
4235.232056	3.112586	20642.050000
4240.232418	3.118580	20486.110000
4245.232684	3.115786	20482.760000
4250.233580	3.118553	20511.980000
4255.233414	3.112442	20540.000000
4260.233904	3.115256	20628.790000
4265.233475	3.115380	20537.220000
4270.235341	3.112402	20262.150000
4275.234453	3.112882	20638.000000
4280.234801	3.112108	20588.690000
4285.234863	3.112842	20330.970000
4290.234722	3.113800	20451.600000
4295.234932	3.114138	20502.790000
4300.234601	3.112127	20710.180000
4305.234921	3.111847	20613.100000
4310.234609	3.112076	20683.520000
4315.235090	3.110429	20477.050000
4320.235049	3.113715	20642.540000
4325.235633	3.113095	20748.360000
4330.235616	3.111163	20581.920000
4335.235605	3.112322	20564.740000
4340.236087	3.109870	20413.420000
4345.236578	3.109046	20283.380000
4350.238172	3.110462	20329.210000
4355.238078	3.111476	20366.140000
4360.238298	3.109820	20232.900000
4365.237438	3.110553	20378.490000
4370.237384	3.109465	20648.460000
4375.239190	3.110007	20566.030000
4380.240300	3.111186	20604.230000
4385.241033	3.108469	20735.150000
4390.240479	3.107703	20434.650000
4395.242260	3.111936	20511.160000
4400.243332	3.110188	20417.210000
4405.243983	3.106902	20282.240000
4410.243743	3.109583	20171.640000
4415.243513	3.108256	20439.410000
4420.243955	3.107017	20382.580000
4425.245090	3.108021	20298.850000
4430.246212	3.106441	20556.200000
4435.246194	3.104621	20532.550000
4440.247286	3.107236	20450.350000
4445.246371	3.107463	20655.920000
4450.248338	3.106408	20341.750000
4455.249186	3.105141	20403.530000
4460.249697	3.106770	20350.810000
4465.249835	3.107398	20339.860000
4470.250726	3.105210	20448.810000
4475.250560	3.107360	20338.410000
4480.252112	3.104089	20503.130000
4485.252269	3.103932	20607.100000
4490.253021	3.104466	20292.600000
4495.252881	3.107284	20348.890000
4500.252773	3.105430	20496.090000
4505.252770	3.104807	20255.780000
4510.252768	3.105140	20434.160000
4515.252819	3.105741	20440.390000
4520.252898	3.104697	20407.420000
4525.253187	3.104483	20351.250000
4530.252833	3.106748	20441.770000
4535.253605	3.100862	20437.350000
4540.254235	3.105568	20417.480000
4545.254582	3.103372	20356.320000
4550.254913	3.100918	20396.320000
4555.254463	3.103007	20313.130000
4560.254682	3.103330	20489.800000
4565.256343	3.101118	20381.050000
4570.255589	3.100577	20492.790000
4575.255814	3.100171	20402.250000
4580.256196	3.105056	20177.800000
4585.255635	3.101999	20501.410000
4590.255396	3.101059	20483.910000
4595.255654	3.103199	20437.850000
4600.255994	3.100406	20378.390000
4605.255359	3.100980	20417.590000
4610.256728	3.099792	20552.110000
4615.256956	3.098067	20366.240000
4620.256890	3.101858	20456.470000
4625.258290	3.100880	20537.510000
4630.257388	3.098749	20239.510000
4635.257785	3.100017	20307.430000
4640.259000	3.100350	20424.600000
4645.258710	3.099885	20352.880000
4650.259300	3.096745	20515.450000
4655.258553	3.096976	20408.560000
4660.258935	3.097493	20538.100000
4665.259143	3.098044	20247.470000
4670.259137	3.097439	20390.890000
4675.259225	3.097480	20428.630000
4680.259897	3.094210	20268.690000
4685.259896	3.096984	20452.620000
4690.259942	3.096513	20301.880000
4695.260198	3.098083	20557.530000
4700.260280	3.094249	20459.740000
4705.259755	3.096014	20336.820000
4710.260073	3.096510	20342.580000
4715.259977	3.094424	20507.520000
4720.259651	3.095536	20537.220000
4725.260687	3.093677	20401.040000
4730.261895	3.094665	20460.960000
4735.261605	3.093056	20402.000000
4740.262665	3.093382	20592.960000
4745.262363	3.092873	20541.900000
4750.262700	3.093579	20555.980000
4755.262456	3.096307	20456.260000
4760.262774	3.091894	20246.110000
4765.262690	3.093253	20511.110000
4770.262778	3.092323	20478.300000
4775.262606	3.092806	20520.450000
4780.262916	3.093650	20620.180000
4785.263326	3.092441	20682.670000
4790.263068	3.093889	20461.620000
4795.262573	3.092585	20538.900000
4800.262787	3.089727	20462.720000
4805.262608	3.093448	20532.710000
4810.262837	3.092275	20380.180000
4815.262526	3.088358	20352.810000
4820.264299	3.091721	20498.330000
4825.264458	3.092039	20538.370000
4830.264806	3.089040	20524.590000
4835.265156	3.089748	20479.930000
4840.264490	3.089647	20533.370000
4845.266181	3.089915	20363.580000
4850.265602	3.087840	20331.170000
4855.266019	3.089234	20680.960000
4860.265670	3.089299	20596.690000
4865.265935	3.089046	20538.910000
4870.265780	3.088857	20431.510000
4875.266017	3.088775	20472.780000
4880.265437	3.087022	20555.180000
4885.265555	3.089870	20593.980000
4890.265627	3.088578	20577.230000
4895.266163	3.085771	20441.480000
4900.265513	3.086370	20576.610000
4905.265460	3.088118	20384.210000
4910.265807	3.089906	20623.260000
4915.266793	3.087075	20547.820000
4920.267908	3.087334	20372.280000
4925.269117	3.086052	20184.620000
4930.268813	3.085666	20176.980000
4935.270108	3.086344	20163.800000
4940.270016	3.085982	20340.660000
4945.269569	3.085725	20301.220000
4950.269575	3.084689	20358.270000
4955.270782	3.086623	20510.840000
4960.272248	3.085677	20389.810000
4965.272847	3.085155	20506.790000
4970.272917	3.083683	20454.750000
4975.273187	3.086377	20475.690000
4980.273846	3.083171	20345.880000
4985.273381	3.084845	20563.390000
4990.273685	3.084914	20382.310000
4995.275249	3.084522	20422.530000
5000.276282	3.083474	20515.770000
5005.275722	3.085097	20377.330000
5010.275702	3.084538	20569.690000
5015.276070	3.081710	20397.360000
5020.275816	3.082592	20479.610000
5025.277194	3.084398	20385.730000
5030.276841	3.081524	20445.420000
5035.278302	3.080995	20322.350000
5040.277666	3.081832	20415.190000
5045.277936	3.079913	20391.780000
5050.277844	3.080245	20426.760000
5055.277366	3.080446	20438.580000
5060.277631	3.081511	20649.550000
5065.277805	3.080822	20330.380000
5070.278172	3.080265	20471.710000
5075.277840	3.079681	20142.410000
5080.277681	3.078510	20463.040000
5085.277794	3.078123	20645.430000
5090.278266	3.080635	20114.960000
5095.277889	3.077727	20268.840000
5100.277649	3.078100	20773.600000
5105.278253	3.078633	20748.260000
5110.278105	3.079746	20761.930000
5115.277662	3.077504	20514.220000
5120.279312	3.078144	20330.610000
5125.278790	3.078323	20683.920000
5130.279833	3.078621	20652.570000
5135.280091	3.079679	20570.230000
5140.279607	3.079617	20557.710000
5145.280149	3.076892	20509.440000
5150.279462	3.076923	20578.920000
5155.279376	3.080467	20561.650000
5160.280145	3.078918	20361.410000
5165.279953	3.076181	20478.230000
5170.279800	3.080054	20622.800000
5175.279431	3.080346	20547.930000
5180.279447	3.075075	20463.520000
5185.279385	3.078530	20505.440000
5190.280296	3.076044	20546.490000
5195.280990	3.075031	20393.080000
5200.281022	3.077560	20393.400000
5205.280937	3.076057	20522.550000
5210.282253	3.074653	20447.160000
5215.282009	3.075963	20720.980000
5220.281663	3.078036	20348.750000
5225.281429	3.075312	20419.790000
5230.282050	3.074241	20381.430000
5235.282815	3.077956	20336.440000
5240.283964	3.075919	20453.060000
5245.283465	3.076896	20382.840000
5250.284012	3.073454	20447.120000
5255.283442	3.072972	20604.060000
5260.285224	3.073036	20281.390000
5265.284943	3.074223	20237.530000
5270.285145	3.074584	20708.800000
5275.284833	3.073408	20405.920000
5280.284830	3.071345	20311.910000
5285.284834	3.072361	20423.260000
5290.284499	3.073771	20450.510000
5295.284361	3.069080	20283.440000
5300.285125	3.071574	20451.150000
5305.284438	3.071416	20230.730000
5310.284409	3.072856	20502.810000
5315.285078	3.068828	20345.410000
5320.286173	3.070357	20473.770000
5325.286367	3.069520	20457.480000
5330.287075	3.070739	20601.780000
5335.287079	3.073474	20554.470000
5340.288318	3.070711	20596.780000
5345.287938	3.069858	20306.470000
5350.287404	3.070248	20630.860000
5355.288101	3.069857	20389.250000
5360.287865	3.069450	20496.720000
5365.287952	3.069679	20485.760000
5370.287680	3.067476	20479.870000
5375.288208	3.069807	20620.440000
5380.288949	3.069371	20489.910000
5385.288577	3.072351	20641.920000
5390.290204	3.068688	20753.670000
5395.291229	3.069155	20251.970000
5400.291194	3.068626	20527.630000
5405.292022	3.068112	20328.910000
5410.293299	3.067290	20645.980000
5415.292789	3.068325	20222.030000
5420.294194	3.069371	20400.650000
5425.293734	3.066576	20407.670000
5430.293605	3.065320	20277.590000
5435.294276	3.067765	20476.200000
5440.294953	3.068218	20323.280000
5445.294397	3.063677	20569.090000
5450.295246	3.066713	20379.230000
5455.295195	3.064672	20392.630000
5460.294960	3.064610	20512.370000
5465.295034	3.066015	20393.060000
5470.294479	3.065054	20600.450000
5475.296104	3.064767	20483.560000
5480.297301	3.065927	20406.180000
5485.296621	3.065351	20509.600000
5490.296515	3.066849	20345.420000
5495.296580	3.062652	20434.240000
5500.296887	3.065504	20484.980000
5505.297374	3.063979	20477.900000
5510.297477	3.062459	20371.280000
5515.298203	3.065136	20374.790000
5520.298175	3.063699	20620.480000
5525.297466	3.063387	20456.570000
5530.299019	3.063085	20538.300000
5535.298580	3.065632	20520.340000
5540.300304	3.061524	20606.080000
5545.301185	3.063935	20668.000000
5550.300491	3.064397	20440.110000
5555.300550	3.063495	20561.140000
5560.300789	3.059974	20509.670000
5565.300494	3.064435	20594.840000
5570.300682	3.062840	20574.810000
5575.300759	3.062414	20532.610000
5580.300431	3.059508	20580.820000
5585.301761	3.061664	20442.450000
5590.301409	3.060168	20534.220000
5595.301999	3.060894	20521.960000
5600.301538	3.061808	20482.010000
5605.302030	3.062337	20494.440000
5610.302349	3.057893	20460.410000
5615.301749	3.059507	20360.270000
5620.301496	3.059102	20423.640000
5625.301390	3.059182	20536.940000
5630.301493	3.058486	20442.830000
5635.303158	3.060058	20334.660000
5640.303882	3.059234	20484.920000
5645.303358	3.060244	20508.520000
5650.305052	3.059406	20439.240000
5655.304480	3.057456	20487.710000
5660.304370	3.056463	20448.700000
5665.305092	3.058204	20449.460000
5670.304977	3.056332	20455.650000
5675.305295	3.056949	20427.490000
5680.306121	3.056490	20455.750000
5685.305734	3.057162	20484.510000
5690.305364	3.056933	20484.390000
5695.305932	3.052161	20608.340000
5700.305890	3.055777	20482.230000
5705.305927	3.059072	20541.090000
5710.306198	3.055857	20469.360000
5715.305361	3.056807	20423.340000
5720.305886	3.054974	20480.730000
5725.305600	3.054325	20474.750000
5730.305460	3.055921	20580.920000
5735.306774	3.053821	20358.350000
5740.306927	3.051139	20426.690000
5745.306858	3.054112	20511.720000
5750.306636	3.053975	20502.050000
5755.308233	3.052646	20501.210000
5760.307656	3.053036	20518.830000
5765.307887	3.053232	20477.220000
5770.309135	3.052825	20423.770000
5775.309917	3.053658	20466.220000
5780.309967	3.055297	20436.510000
5785.310369	3.053068	20339.870000
5790.310810	3.049835	20368.560000
5795.310896	3.052611	20489.580000
5800.311161	3.051626	20438.820000
5805.310908	3.052785	20413.630000
5810.311919	3.052514	20452.700000
5815.312853	3.050941	20483.310000
5820.313648	3.050841	20593.080000
5825.313952	3.049939	20409.180000
5830.313407	3.048451	20476.870000
5835.313640	3.049126	20409.740000
5840.313694	3.048454	20344.240000
5845.314721	3.048289	20497.370000
5850.314738	3.049706	20449.610000
5855.315121	3.050729	20410.250000
5860.314497	3.048989	20562.750000
5865.315104	3.050602	20476.710000
5870.315380	3.048512	20466.300000
5875.315826	3.046136	20466.860000
5880.316288	3.049594	20494.290000
5885.316194	3.048282	20479.970000
5890.315708	3.045967	20556.310000
5895.315808	3.048397	20475.470000
5900.315761	3.047192	20489.010000
5905.316022	3.047395	20522.640000
5910.315845	3.046847	20501.070000
5915.316293	3.047903	20510.000000
5920.316182	3.044981	20549.040000
5925.315526	3.046823	20640.870000
5930.316229	3.046692	20571.560000
5935.315954	3.046606	20457.140000
5940.315433	3.045012	20557.340000
5945.317009	3.045437	20581.130000
5950.316949	3.046287	20505.960000
5955.316857	3.044441	20505.240000
5960.317033	3.043684	20462.110000
5965.317117	3.044656	20452.800000
5970.318221	3.046408	20321.450000
5975.317776	3.043545	20457.340000
5980.317790	3.044979	20452.640000
5985.317839	3.043806	20318.630000
5990.317533	3.041686	20455.470000
5995.318453	3.044932	20407.570000
6000.318359	3.042791	20248.350000
6005.318979	3.041742	20420.790000
6010.318738	3.042489	20374.700000
6015.319248	3.042427	20373.580000
6020.320015	3.043255	20479.020000
6025.319618	3.041433	20378.450000
6030.319499	3.042525	20412.390000
6035.321089	3.043525	20484.210000
6040.320884	3.039803	20540.180000
6045.320971	3.041748	20525.440000
6050.321139	3.040272	20526.160000
6055.320365	3.041088	20466.710000
6060.320379	3.044168	20542.930000
6065.322084	3.041156	20522.040000
6070.322979	3.040039	20537.130000
6075.322946	3.038330	20583.000000
6080.322730	3.041222	20581.830000
6085.324165	3.042078	20616.200000
6090.325033	3.039084	20412.670000
6095.326278	3.037920	20372.390000
6100.325372	3.037983	20543.080000
6105.327289	3.038865	20408.000000
6110.328269	3.040804	20338.960000
6115.328181	3.039557	20430.250000
6120.329278	3.035278	20454.400000
6125.328998	3.038144	20403.470000
6130.328644	3.037736	20430.390000
6135.328834	3.036877	20459.950000
6140.328429	3.036056	20399.900000
6145.329929	3.036168	20402.130000
6150.329570	3.034570	20457.690000
6155.331344	3.038395	20520.480000
6160.331994	3.036143	20486.880000
6165.332330	3.035730	20421.210000
6170.331982	3.035895	20468.010000
6175.331928	3.038007	20498.020000
6180.331912	3.039497	20359.060000
6185.331923	3.036067	20498.820000
6190.332278	3.034573	20462.480000
6195.332225	3.037487	20459.140000
6200.331409	3.036262	20544.790000
6205.332778	3.034197	20413.770000
6210.332600	3.034884	20357.960000
6215.332702	3.036057	20608.810000
6220.332538	3.033150	20490.140000
6225.332690	3.034130	20565.240000
6230.332376	3.035904	20410.110000
6235.332622	3.033694	20502.480000
6240.332445	3.034017	20635.760000
6245.333254	3.034630	20439.360000
6250.332458	3.032682	20500.520000
6255.332654	3.031444	20418.300000
6260.332373	3.032983	20353.600000
6265.332754	3.032668	20432.470000
6270.332455	3.030587	20446.970000
6275.333411	3.031098	20403.410000
6280.333626	3.033116	20456.110000
6285.334723	3.030176	20336.120000
6290.334921	3.030764	20377.640000
6295.334797	3.031616	20496.530000
6300.334625	3.030728	20395.350000
6305.335989	3.029704	20509.310000
6310.335767	3.032945	20474.160000
6315.335689	3.029284	20405.640000
6320.335581	3.030312	20451.530000
6325.337299	3.029650	20513.340000
6330.337772	3.030804	20463.800000
6335.337523	3.027339	20462.690000
6340.337375	3.029033	20642.230000
6345.338409	3.029281	20448.090000
6350.339097	3.029236	20496.850000
6355.338437	3.027989	20538.220000
6360.339117	3.026057	20503.230000
6365.338480	3.028967	20461.000000
6370.338753	3.026549	20507.100000
6375.338885	3.027660	20601.020000
6380.339029	3.030166	20425.520000
6385.340085	3.026873	20326.400000
6390.340351	3.028581	20341.610000
6395.341332	3.028759	20433.350000
6400.340589	3.026978	20399.240000
6405.340753	3.026386	20320.530000
6410.341105	3.026429	20301.500000
6415.341009	3.024449	20280.930000
6420.340594	3.027588	20313.010000
6425.342337	3.024668	20362.800000
6430.341390	3.022648	20478.680000
6435.341652	3.026280	20361.560000
6440.341706	3.027954	20446.830000
6445.341460	3.024853	20334.600000
6450.341909	3.025628	20543.460000
6455.342672	3.024877	20477.700000
6460.342865	3.025231	20587.780000
6465.342716	3.026836	20635.070000
6470.343033	3.024573	20428.130000
6475.343353	3.022141	20517.180000
6480.344351	3.026134	20455.350000
6485.345317	3.023652	20519.050000
6490.345145	3.023674	20388.520000
6495.345113	3.024743	20396.630000
6500.344546	3.021616	20569.750000
6505.344609	3.024513	20378.290000
6510.346044	3.022997	20411.600000
6515.345839	3.023683	20604.940000
6520.346243	3.022599	20514.030000
6525.345511	3.021589	20344.700000
6530.347260	3.022138	20351.900000
6535.347913	3.023865	20606.550000
6540.347357	3.022272	20390.070000
6545.347417	3.022770	20340.290000
6550.347448	3.021919	20396.620000
6555.348290	3.022406	20446.350000
6560.347601	3.019619	20449.170000
6565.347425	3.020222	20372.640000
6570.349219	3.021852	20441.660000
6575.350086	3.020300	20455.710000
6580.349581	3.020963	20512.730000
6585.349948	3.019599	20401.810000
6590.350080	3.019182	20412.890000
6595.350165	3.019115	20582.520000
6600.349981	3.020470	20405.100000
6605.350293	3.020486	20630.050000
6610.349458	3.018326	20415.280000
6615.349513	3.021458	20758.390000
6620.349407	3.019245	20546.030000
6625.351012	3.017396	20490.830000
6630.350633	3.017276	20580.010000
6635.351694	3.018883	20537.440000
6640.351560	3.019150	20571.620000
6645.351470	3.018450	20623.460000
6650.353166	3.020423	20573.450000
6655.354171	3.017577	20262.200000
6660.353621	3.015338	20560.250000
6665.353397	3.018179	20426.540000
6670.355139	3.018695	20471.910000
6675.356348	3.015671	20552.810000
6680.355355	3.017597	20282.940000
6685.356765	3.016675	20470.370000
6690.356360	3.014323	20605.930000
6695.356966	3.015326	20306.080000
6700.358192	3.016101	20413.900000
6705.357417	3.018474	20400.260000
6710.357990	3.015755	20350.650000
6715.357769	3.015302	20596.810000
6720.359295	3.016221	20277.760000
6725.359983	3.014117	20497.210000
6730.359409	3.016886	20483.280000
6735.360261	3.015507	20417.400000
6740.359419	3.013041	20582.870000
6745.360904	3.015665	20688.740000
6750.360575	3.014566	20402.630000
6755.362009	3.015963	20625.530000
6760.362689	3.012850	20405.230000
6765.362380	3.015366	20708.250000
6770.362460	3.015368	20600.510000
6775.363107	3.014226	20369.760000
6780.362929	3.013946	20596.250000
6785.362371	3.013043	20536.980000
6790.364108	3.012158	20441.440000
6795.364224	3.013209	20252.180000
6800.364341	3.013879	20558.430000
6805.363884	3.012041	20348.430000
6810.363698	3.011871	20208.760000
6815.363430	3.012053	20590.620000
6820.364372	3.009459	20572.460000
6825.364998	3.011337	20179.240000
6830.364661	3.011896	20491.690000
6835.364991	3.011006	20528.460000
6840.364382	3.008539	20424.360000
6845.366019	3.011131	20288.090000
6850.365775	3.010724	20394.280000
6855.365825	3.008820	20446.450000
6860.365583	3.008680	20433.700000
6865.366199	3.010414	20404.680000
6870.366062	3.008934	20488.100000
6875.365518	3.008570	20751.380000
6880.366028	3.010458	20261.100000
6885.365426	3.008338	20480.090000
6890.365727	3.007135	20418.380000
6895.365505	3.007945	20570.350000
6900.365621	3.009368	20316.980000
6905.365717	3.008892	20670.340000
6910.365977	3.008324	20754.640000
6915.365777	3.008230	20379.870000
6920.367045	3.007615	20384.800000
6925.368228	3.008029	20615.000000
6930.367422	3.008188	20484.580000
6935.367719	3.008809	20500.030000
6940.367394	3.005782	20626.340000
6945.369048	3.006821	20611.200000
6950.368690	3.007589	20362.950000
6955.368760	3.005997	20630.620000
6960.368437	3.006037	20394.280000
6965.368565	3.007548	20478.570000
6970.369750	3.006808	20372.320000
6975.370849	3.006710	20325.180000
6980.372323	3.006302	20411.880000
6985.372011	3.005677	20451.780000
6990.372874	3.004530	20433.220000
6995.372526	3.004806	20377.680000
7000.372591	3.004109	20526.470000
7005.372530	3.006427	20432.160000
7010.373021	3.005571	20289.890000
7015.373421	3.006072	20396.520000
7020.373593	3.003749	20396.800000
7025.373906	3.003601	20296.530000
7030.374941	3.002503	20555.630000
7035.374481	3.004476	20696.270000
7040.376035	3.001929	20382.240000
7045.375521	3.001304	20588.270000
7050.375930	3.002128	20355.900000
7055.375511	3.003410	20252.750000
7060.376124	3.001964	20687.540000
7065.377224	3.003691	20506.500000
7070.376678	3.002187	20686.780000
7075.376401	3.002660	20445.330000
7080.376887	3.002555	20689.450000
7085.376394	3.002780	20574.960000
7090.376713	2.999832	20579.510000
7095.378172	3.000624	20406.500000
7100.379091	3.000275	20607.970000
7105.380302	3.000400	20266.170000
7110.379454	3.000796	20386.970000
7115.379886	3.000920	20614.730000
7120.381093	2.998660	20348.650000
7125.381098	2.999793	20296.780000
7130.380871	3.000328	20414.320000
7135.380800	3.000054	20461.120000
7140.380916	2.998942	20117.690000
7145.380958	3.002278	20484.690000
7150.381137	2.999582	20297.670000
7155.380511	2.998486	20335.510000
7160.380370	2.998324	20482.690000
7165.381969	3.000977	20167.200000
7170.382306	2.998956	20619.390000
7175.382044	2.999292	20240.300000
7180.381627	3.000344	20400.080000
7185.381856	2.997888	20661.180000
7190.383267	2.999039	20903.060000
7195.382359	2.998266	20624.840000
7200.383781	2.998318	20840.700000
7205.384332	2.996677	20484.350000
7210.383781	2.995254	20511.540000
7215.383727	2.998228	20331.690000
7220.383716	2.996161	20482.060000
7225.383492	2.997020	20887.200000
7230.383751	2.998267	20641.300000
7235.385122	2.997366	20545.120000
7240.386193	2.998591	20214.400000
7245.387298	2.998300	20297.300000
7250.386409	2.996002	20408.920000
7255.386474	2.994753	20340.390000
7260.386409	2.996976	20376.300000
7265.388142	2.996157	20434.650000
7270.388627	2.994155	20224.690000
7275.390157	2.996946	20430.290000
7280.391014	2.994317	20352.110000
7285.391737	2.994644	20309.050000
7290.392301	2.994780	20415.280000
7295.392220	2.995261	20578.790000
7300.391367	2.994181	20494.720000
7305.391460	2.994185	20452.230000
7310.393281	2.994028	20388.010000
7315.392848	2.992980	20587.420000
7320.392814	2.993234	20498.230000
7325.392773	2.994026	20748.550000
7330.392481	2.994716	20462.090000
7335.394079	2.991928	20419.730000
7340.394096	2.993543	20740.700000
7345.394122	2.993954	20618.570000
7350.394032	2.993445	20497.470000
7355.393854	2.991088	20167.270000
7360.394012	2.991677	20289.880000
7365.394442	2.990888	20469.410000
7370.395040	2.991320	20398.110000
7375.394793	2.994345	20311.310000
7380.394643	2.992219	20246.520000
7385.394808	2.991281	20423.900000
7390.395331	2.992336	20340.820000
7395.395234	2.992099	20366.900000
7400.395110	2.989267	20346.060000
7405.395024	2.990994	20337.060000
7410.395133	2.990217	20278.520000
7415.394405	2.993008	20376.430000
7420.394957	2.990585	20351.400000
7425.394360	2.989239	20361.210000
7430.394468	2.991751	20293.820000
7435.396189	2.990410	20512.940000
7440.396202	2.989884	20480.290000
7445.395469	2.990474	20382.420000
7450.395862	2.987328	20340.500000
7455.395586	2.989467	20506.230000
7460.396018	2.991171	20483.180000
7465.395702	2.988876	20310.740000
7470.395572	2.987504	20584.620000
7475.395967	2.988133	20395.070000
7480.395678	2.988103	20432.970000
7485.397338	2.986622	20594.320000
7490.396784	2.986452	20651.370000
7495.397928	2.986063	20825.430000
7500.399161	2.986599	20227.260000
7505.399168	2.988227	20767.890000
7510.398381	2.987153	20604.120000
7515.399961	2.986818	20354.260000
7520.400260	2.987071	20452.500000
7525.399542	2.987497	20615.640000
7530.401261	2.984876	20474.230000
7535.400520	2.984600	20469.620000
7540.400954	2.985556	20400.020000
7545.402281	2.987424	20156.920000
7550.403298	2.986062	20405.520000
7555.403716	2.985943	20299.840000
7560.405094	2.985334	20576.060000
7565.404477	2.985510	20238.910000
7570.404656	2.985950	20508.620000
7575.404701	2.985215	20344.240000
7580.405279	2.983592	20431.350000
7585.406304	2.982795	20665.920000
7590.406285	2.984290	20705.600000
7595.405402	2.983034	20718.660000
7600.406188	2.981794	20487.250000
7605.405913	2.982931	20680.700000
7610.405674	2.983015	20479.950000
7615.407116	2.982546	20491.380000
7620.406854	2.981458	20250.410000
7625.408050	2.982496	20425.570000
7630.409193	2.982514	20704.320000
7635.410076	2.980655	20542.130000
7640.409511	2.983416	20485.690000
7645.410294	2.982754	20494.230000
7650.411181	2.981303	20375.000000
7655.410823	2.983866	20331.060000
7660.411788	2.980781	20389.120000
7665.413285	2.980243	20344.730000
7670.412603	2.979497	20202.080000
7675.414265	2.981072	20449.390000
7680.414811	2.981338	20598.040000
7685.416311	2.980426	20215.970000
7690.416289	2.983012	20874.100000
7695.417257	2.981020	20406.300000
7700.416499	2.977244	20574.410000
7705.417143	2.981343	20533.850000
7710.418277	2.979265	20667.500000
7715.417865	2.978147	20799.190000
7720.417773	2.980416	20270.250000
7725.418932	2.979978	20642.180000
7730.419056	2.980301	20814.040000
7735.418682	2.977297	20510.330000
7740.418535	2.979430	20578.190000
7745.420249	2.980536	20748.580000
7750.420255	2.979291	20192.600000
7755.421134	2.979223	20347.190000
7760.421544	2.979438	20379.410000
7765.422911	2.978645	20479.950000
7770.424192	2.979182	20480.800000
7775.425326	2.979692	20492.510000
7780.426042	2.979291	20258.690000
7785.425721	2.977026	20496.320000
7790.426288	2.979904	20530.740000
7795.425386	2.979885	20551.100000
7800.427023	2.979896	20588.150000
7805.426664	2.978468	20163.500000
7810.426461	2.979675	20665.420000
7815.427049	2.978582	20400.040000
7820.427117	2.980293	20541.780000
7825.427368	2.977392	20836.450000
7830.427354	2.977289	20103.400000
7835.429162	2.979597	20446.370000
7840.429085	2.980712	20660.120000
7845.428460	2.977533	20607.570000
7850.429282	2.977222	20252.310000
7855.429308	2.977964	20393.970000
7860.430237	2.978781	20260.170000
7865.429373	2.977693	20455.420000
7870.430336	2.977527	20149.730000
7875.429836	2.977843	20482.210000
7880.430622	2.976500	20234.780000
7885.432302	2.977030	20283.100000
7890.431904	2.977138	20506.390000
7895.432974	2.974165	20368.390000
7900.432605	2.976727	20216.660000
7905.432693	2.975711	20560.620000
7910.432556	2.976762	20410.410000
7915.432446	2.976445	20552.640000
7920.433820	2.976703	20375.930000
7925.433473	2.977691	20583.990000
7930.434844	2.972976	20632.480000
7935.434684	2.975934	20336.120000
7940.434516	2.976957	20601.640000
7945.434461	2.974145	20659.080000
7950.435959	2.975154	20422.720000
7955.436079	2.976129	20720.020000
7960.437062	2.972423	20657.930000
7965.437282	2.974009	20287.780000
7970.437133	2.974638	20497.400000
7975.436832	2.973709	20515.880000
7980.436457	2.972155	20335.220000
7985.437974	2.972671	20365.290000
7990.439356	2.976480	20416.930000
7995.441214	2.971995	20351.940000
8000.440834	2.972213	20291.620000
8005.440822	2.972657	20347.160000
8010.441552	2.974167	20653.260000
8015.441390	2.972289	20065.750000
8020.441566	2.973562	20294.240000
8025.441372	2.972948	20442.990000
8030.442127	2.970018	20251.770000
8035.441476	2.972118	20339.560000
8040.441853	2.972882	20657.340000
8045.441390	2.969755	20232.320000
8050.442218	2.971522	20641.190000
8055.441496	2.972084	20231.780000
8060.441689	2.970638	20681.500000
8065.441948	2.969546	20405.160000
8070.441905	2.971916	20596.290000
8075.443339	2.970339	20367.620000
8080.444237	2.971295	20702.140000
8085.443987	2.971538	20416.940000
8090.444224	2.969117	20646.230000
8095.443820	2.968144	20860.440000
8100.443634	2.971019	20531.400000
8105.443975	2.968208	20755.170000
8110.443550	2.967896	20819.660000
8115.443989	2.966329	20254.370000
8120.444140	2.968889	20228.110000
8125.443836	2.968369	20602.680000
8130.444125	2.966414	20015.950000
8135.445105	2.967578	20623.900000
8140.446313	2.968221	20146.120000
8145.445724	2.967142	20572.940000
8150.445445	2.966855	20047.420000
8155.445990	2.967494	20648.870000
8160.445745	2.966008	20458.020000
8165.446377	2.966128	20486.140000
8170.447269	2.965527	20449.630000
8175.447094	2.964377	20463.660000
8180.447422	2.965761	20483.650000
8185.447645	2.966679	20479.250000
8190.447365	2.965093	20507.690000
8195.447594	2.964725	20558.280000
8200.447362	2.966922	20463.960000
8205.447762	2.968562	20508.830000
8210.447571	2.963235	20477.830000
8215.447809	2.966167	20483.920000
8220.447633	2.965143	20479.390000
8225.449034	2.964032	20454.360000
8230.450240	2.964293	20443.860000
8235.451241	2.964829	20461.900000
8240.450812	2.963233	20415.140000
8245.451295	2.962397	20391.050000
8250.450642	2.964066	20381.430000
8255.450912	2.964768	20391.250000
8260.451173	2.961835	20393.480000
8265.451480	2.963339	20401.400000
8270.451478	2.963765	20447.690000
8275.452170	2.961175	20467.100000
8280.452218	2.961365	20479.910000
8285.452920	2.962403	20417.340000
8290.453103	2.961291	20503.070000
8295.454342	2.962010	20425.420000
8300.453799	2.964601	20485.420000
8305.455256	2.961038	20509.160000
8310.455459	2.959976	20489.340000
8315.455956	2.960666	20485.640000
8320.456265	2.961036	20486.850000
8325.455701	2.965709	20500.490000
8330.457170	2.968610	20418.860000
8335.457460	2.960219	20496.130000
8340.459307	2.962514	20493.030000
8345.458637	2.966960	20457.120000
8350.458780	2.960605	20448.340000
8355.458879	2.960144	20489.820000
8360.459271	2.961040	20473.890000
8365.458404	2.959912	20445.390000
8370.459078	2.959582	20453.080000
8375.459202	2.960747	20420.100000
8380.459213	2.957255	20415.660000
8385.458534	2.958456	20418.030000
8390.459181	2.957146	20433.170000
8395.459157	2.957111	20381.690000
8400.460221	2.957348	20427.090000
8405.460234	2.958447	20451.170000
8410.460244	2.957321	20424.120000
8415.459899	2.957867	20380.020000
8420.460155	2.960618	20440.120000
8425.460286	2.959761	20425.880000
8430.459762	2.965355	20449.270000
8435.459471	2.964737	20440.230000
8440.460375	2.969996	20429.340000
8445.460602	2.972859	20442.950000
8450.461754	2.974034	20406.870000
8455.462150	2.979283	20482.830000
8460.461843	2.984781	20428.840000
8465.461934	2.988769	20476.280000
8470.461536	2.992475	20511.070000
8475.462471	3.001027	20502.360000
8480.463310	3.003941	20508.090000
8485.462665	3.013795	20483.370000
8490.464289	3.022063	20463.170000
8495.463806	3.024820	20400.940000
8500.464341	3.034160	20454.030000
8505.464355	3.043586	20473.090000
8510.465749	3.049143	20385.550000
8515.465913	3.057229	20340.090000
8520.465618	3.065548	20499.190000
8525.465623	3.072500	20367.630000
8530.465770	3.082059	20500.070000
8535.465909	3.091538	20433.130000
8540.465440	3.098016	20462.370000
8545.465560	3.107706	20364.070000
8550.466791	3.117921	20378.010000
8555.466548	3.128989	20443.860000
8560.467283	3.141395	20446.710000
8565.466882	3.154583	20436.720000
8570.468130	3.165526	20393.480000
8575.467425	3.175382	20531.430000
8580.467953	3.189656	20490.050000
8585.469377	3.200325	20506.110000
8590.470296	3.212807	20532.520000
8595.469540	3.227329	20505.320000
8600.470087	3.232789	20458.700000
8605.470381	3.245545	20537.330000
8610.471063	3.260213	20546.510000
8615.471009	3.267201	20548.300000
8620.470590	3.283079	20413.340000
8625.471769	3.299754	20426.350000
8630.471873	3.301561	20510.680000
8635.471786	3.318594	20425.440000
8640.472273	3.332016	20417.720000
8645.472274	3.335917	20494.630000
8650.472364	3.347723	20386.780000
8655.473644	3.359460	20482.830000
8660.473961	3.367659	20403.840000
8665.474173	3.379252	20424.710000
8670.474027	3.388267	20431.900000
8675.473607	3.394633	20509.660000
8680.473474	3.405490	20433.280000
8685.474006	3.419451	20446.030000
8690.473762	3.424139	20412.490000
8695.474684	3.433831	20500.340000
8700.475893	3.443811	20489.600000
8705.476018	3.449516	20480.550000
8710.475645	3.461272	20456.100000
8715.475420	3.470463	20492.650000
8720.475753	3.478087	20470.510000
8725.475954	3.485342	20463.650000
8730.476948	3.512128	20481.330000
8735.476789	3.514422	20444.570000
8740.476763	3.531241	20429.340000
8745.477051	3.546777	20442.320000
8750.476964	3.555174	20440.500000
8755.477232	3.565203	20434.750000
8760.477014	3.588168	20437.290000
8765.476479	3.589726	20458.200000
8770.476639	3.605653	20426.250000
8775.477751	3.618890	20410.450000
8780.479280	3.623371	20413.440000
8785.479361	3.635800	20408.800000
8790.479942	3.642920	20412.390000
8795.480960	3.649199	20411.820000
8800.480678	3.658960	20506.990000
8805.482310	3.669528	20416.990000
8810.482161	3.674341	20465.590000
8815.481670	3.681625	20467.550000
8820.482167	3.694180	20424.730000
8825.481477	3.698413	20479.590000
8830.482063	3.703175	20480.560000
8835.481773	3.715637	20461.240000
8840.482018	3.720688	20477.900000
8845.481677	3.725265	20455.030000
8850.481681	3.735841	20498.430000
8855.481729	3.739528	20490.090000
8860.481415	3.747476	20410.060000
8865.483184	3.756346	20431.220000
8870.483029	3.759718	20434.070000
8875.482776	3.764160	20426.640000
8880.483063	3.771996	20437.430000
8885.482877	3.779466	20405.440000
8890.482529	3.781963	20395.490000
8895.482984	3.796327	20380.910000
8900.482616	3.795526	20366.660000
8905.483971	3.802553	20484.420000
8910.485190	3.806108	20481.480000
8915.484556	3.808337	20483.570000
8920.484374	3.817760	20502.320000
8925.484401	3.818549	20431.050000
8930.484677	3.825083	20474.910000
8935.485671	3.827338	20488.300000
8940.485798	3.830542	20551.250000
8945.485523	3.832419	20530.770000
8950.485658	3.834264	20553.850000
8955.485721	3.836028	20528.710000
8960.485962	3.835004	20561.620000
8965.486092	3.833583	20487.300000
8970.485430	3.831762	20490.070000
8975.486012	3.834645	20430.030000
8980.485727	3.833350	20500.490000
8985.485497	3.831053	20458.810000
8990.485948	3.828071	20548.390000
8995.485813	3.824850	20402.680000
9000.485734	3.822063	20413.850000
9005.486189	3.819463	20399.130000
9010.485821	3.820157	20346.200000
9015.486001	3.817646	20343.420000
9020.486385	3.811036	20404.180000
9025.487209	3.806925	20325.390000
9030.487094	3.805283	20604.170000
9035.487896	3.801212	20511.000000
9040.487849	3.796758	20725.980000
9045.487438	3.793028	20708.910000
9050.488599	3.785489	20651.570000
9055.488469	3.785613	20705.040000
9060.488375	3.782127	20688.470000
9065.488539	3.771133	20670.120000
9070.489606	3.768676	20693.300000
9075.490434	3.763728	20491.510000
9080.490883	3.760401	20542.250000
9085.491317	3.753009	20531.940000
9090.491152	3.750526	20425.190000
9095.490692	3.741494	20515.350000
9100.490407	3.739902	20500.260000
9105.490473	3.732199	20496.490000
9110.492215	3.729276	20468.730000
9115.492179	3.723340	20466.190000
9120.492039	3.716351	20608.730000
9125.491709	3.709304	20596.750000
9130.492138	3.706809	20666.240000
9135.493345	3.698436	20573.150000
9140.492608	3.691008	20677.100000
9145.492556	3.686382	20655.050000
9150.492376	3.681773	20641.200000
9155.492424	3.678393	20650.400000
9160.492881	3.673414	20636.020000
9165.493278	3.669916	20623.080000
9170.493162	3.659304	20580.400000
9175.492353	3.654578	20625.310000
9180.492778	3.650009	20521.930000
9185.492720	3.639431	20626.360000
9190.492979	3.638600	20552.770000
9195.492441	3.631863	20531.670000
9200.492422	3.626000	20535.110000
9205.492824	3.621616	20570.590000
9210.493286	3.615021	20593.170000
9215.493360	3.612123	20538.080000
9220.495282	3.607628	20653.280000
9225.495052	3.603883	20518.090000
9230.494942	3.590733	20659.940000
9235.494505	3.590047	20666.120000
9240.494799	3.580233	20668.570000
9245.496299	3.572890	20588.740000
9250.495617	3.572040	20655.350000
9255.495794	3.560455	20670.570000
9260.495830	3.555569	20642.600000
9265.495454	3.552110	20573.740000
9270.496065	3.543604	20502.190000
9275.495797	3.539662	20449.000000
9280.495674	3.533623	20533.230000
9285.495787	3.526618	20512.010000
9290.495935	3.517599	20640.600000
9295.496117	3.513279	20504.510000
9300.495703	3.507216	20421.650000
9305.495519	3.501846	20571.490000
9310.495768	3.499253	20442.340000
9315.495516	3.485246	20524.590000
9320.495482	3.483866	20531.440000
9325.495974	3.482996	20643.960000
9330.496111	3.475580	20631.770000
9335.496011	3.473668	20665.850000
9340.496897	3.470019	20708.080000
9345.496919	3.465592	20675.150000
9350.496374	3.464607	20569.660000
9355.498306	3.461161	20494.840000
9360.497426	3.454777	20552.690000
9365.497605	3.455575	20532.500000
9370.498115	3.452675	20512.190000
9375.497796	3.445992	20493.380000
9380.497846	3.442870	20529.670000
9385.497826	3.440667	20487.760000
9390.499146	3.438406	20604.900000
9395.498747	3.434497	20647.740000
9400.498857	3.433983	20473.440000
9405.499116	3.425385	20555.660000
9410.498671	3.425549	20581.460000
9415.498855	3.421802	20593.560000
9420.498941	3.418695	20629.530000
9425.498815	3.415438	20592.030000
9430.499162	3.412061	20503.190000
9435.498632	3.405519	20640.170000
9440.498892	3.405499	20510.490000
9445.498908	3.402854	20426.990000
9450.500016	3.397173	20401.520000
9455.499366	3.396255	20437.300000
9460.499540	3.393954	20597.140000
9465.499968	3.391301	20419.070000
9470.500552	3.386878	20674.330000
9475.501029	3.383971	20500.410000
9480.500449	3.382003	20687.830000
9485.501262	3.377861	20609.220000
9490.500673	3.376038	20683.160000
9495.501132	3.368403	20593.390000
9500.500687	3.367695	20655.020000
9505.500846	3.365858	20637.540000
9510.502157	3.361980	20653.770000
9515.503299	3.360394	20453.560000
9520.502880	3.358789	20432.870000
9525.503952	3.352690	20481.840000
9530.503580	3.348724	20435.550000
9535.504241	3.350687	20498.630000
9540.504046	3.345789	20609.280000
9545.504918	3.341409	20502.940000
9550.504415	3.340368	20624.150000
9555.504589	3.335961	20582.380000
9560.504881	3.333150	20644.830000
9565.505283	3.332169	20633.820000
9570.505005	3.326300	20637.670000
9575.504807	3.323771	20477.490000
9580.506050	3.319298	20599.170000
9585.506697	3.315090	20571.570000
9590.506704	3.314476	20493.060000
9595.508065	3.310482	20508.390000
9600.507436	3.307185	20530.090000
9605.507828	3.301924	20454.980000
9610.507828	3.304680	20595.510000
9615.507404	3.300184	20529.860000
9620.507546	3.294169	20497.250000
9625.508044	3.295712	20656.390000
9630.507436	3.291650	20630.380000
9635.508104	3.285691	20664.340000
9640.508225	3.285012	20679.010000
9645.507445	3.278651	20635.780000
9650.509356	3.276442	20653.230000
9655.509542	3.274149	20500.990000
9660.509885	3.269516	20620.830000
9665.509470	3.268918	20513.680000
9670.511316	3.264438	20499.780000
9675.510692	3.262547	20499.690000
9680.512251	3.258788	20456.120000
9685.512308	3.258954	20645.790000
9690.512294	3.255071	20601.070000
9695.513206	3.249822	20610.910000
9700.514313	3.248723	20640.940000
9705.514255	3.246557	20652.240000
9710.513598	3.240635	20664.300000
9715.514271	3.240560	20693.130000
9720.514119	3.237849	20614.910000
9725.514820	3.232548	20683.350000
9730.514480	3.231312	20565.670000
9735.514462	3.227426	20455.730000
9740.515258	3.225843	20511.590000
9745.514495	3.223042	20522.580000
9750.514873	3.219766	20531.070000
9755.515163	3.218001	20448.810000
9760.515098	3.215760	20528.790000
9765.515813	3.216923	20591.800000
9770.516318	3.207101	20699.450000
9775.515370	3.206545	20678.010000
9780.516304	3.204128	20606.020000
9785.515579	3.198174	20666.960000
9790.515786	3.199566	20620.380000
9795.516229	3.193816	20667.930000
9800.515432	3.191392	20539.350000
9805.515841	3.191022	20531.780000
9810.516176	3.185883	20413.770000
9815.517115	3.185321	20437.550000
9820.518325	3.185933	20406.720000
9825.517401	3.182744	20524.440000
9830.518127	3.175135	20402.700000
9835.517511	3.173748	20508.390000
9840.517887	3.174981	20471.440000
9845.519210	3.168711	20611.320000
9850.519626	3.166134	20673.710000
9855.519399	3.165187	20670.940000
9860.519626	3.159392	20635.520000
9865.520117	3.160095	20597.230000
9870.520189	3.158301	20524.190000
9875.520139	3.152990	20503.170000
9880.519940	3.152759	20496.940000
9885.519418	3.150663	20470.360000
9890.519610	3.144639	20427.580000
9895.519955	3.144519	20400.750000
9900.520281	3.144407	20588.050000
9905.520225	3.137966	20429.490000
9910.519581	3.136759	20585.510000
9915.520267	3.135406	20632.890000
9920.521070	3.132246	20667.320000
9925.521023	3.128719	20652.720000
9930.520497	3.131742	20687.430000
9935.520772	3.126443	20588.570000
9940.520654	3.123135	20451.600000
9945.520830	3.123453	20508.630000
9950.520854	3.116631	20542.070000
9955.520862	3.115973	20474.230000
9960.521746	3.114330	20436.540000
9965.521387	3.111898	20460.120000
9970.522038	3.108983	20575.620000
9975.522267	3.109824	20418.830000
9980.521458	3.107965	20619.740000
9985.522310	3.103262	20437.540000
9990.522538	3.103412	20710.650000
9995.522980	3.099913	20701.240000
10000.522452	3.099615	20539.820000
10005.522696	3.097898	20556.440000
10010.522766	3.095859	20579.550000
10015.522527	3.094041	20689.140000
10020.524006	3.093839	20534.390000
10025.525059	3.088474	20449.050000
10030.525788	3.089178	20394.820000
10035.525514	3.089212	20529.470000
10040.525868	3.086651	20479.440000
10045.526638	3.083908	20571.640000
10050.527698	3.084398	20415.570000
10055.527410	3.078850	20451.280000
10060.527790	3.078021	20483.080000
10065.528136	3.077183	20732.440000
10070.527484	3.076155	20633.460000
10075.527772	3.074100	20682.160000
10080.527772	3.074421	20700.020000
10085.529086	3.071910	20705.630000
10090.530129	3.068614	20420.410000
10095.529431	3.069829	20681.980000
10100.531063	3.065505	20433.310000
10105.531396	3.064705	20539.520000
10110.531486	3.064040	20407.240000
10115.532982	3.060646	20496.310000
10120.532566	3.061162	20515.440000
10125.532459	3.056231	20575.790000
10130.532855	3.056469	20643.480000
10135.533529	3.053506	20654.930000
10140.534652	3.055494	20732.150000
10145.535326	3.050694	20696.920000
10150.535235	3.050220	20725.680000
10155.534583	3.049799	20737.710000
10160.534909	3.049168	20640.720000
10165.534418	3.045098	20658.430000
10170.534418	3.044727	20345.970000
10175.534797	3.041700	20416.410000
10180.535302	3.041411	20313.080000
10185.535042	3.039712	20437.640000
10190.536155	3.039570	20573.640000
10195.535715	3.035553	20480.350000
10200.535542	3.036443	20745.140000
10205.536277	3.033570	20500.300000
10210.536099	3.033930	20694.370000
10215.535703	3.031686	20637.220000
10220.535584	3.028747	20614.960000
10225.536470	3.028674	20421.210000
10230.536818	3.027128	20478.880000
10235.536907	3.026306	20354.330000
10240.536586	3.022875	20379.910000
10245.536587	3.022499	20392.960000
10250.537821	3.021991	20469.410000
10255.538327	3.017131	20548.830000
10260.537408	3.016331	20392.000000
10265.538359	3.016603	20507.160000
10270.539001	3.017091	20678.220000
10275.538529	3.013537	20701.160000
10280.538549	3.013708	20716.480000
10285.538416	3.009193	20632.510000
10290.538418	3.007864	20684.730000
10295.540185	3.009035	20611.240000
10300.540764	3.006212	20483.480000
10305.541073	3.004714	20700.170000
10310.540553	3.004350	20458.730000
10315.540515	3.004224	20383.250000
10320.541389	3.000231	20427.230000
10325.541975	3.000631	20517.950000
10330.542352	2.998866	20539.050000
10335.542656	2.994305	20478.260000
10340.542386	2.994575	20450.840000
10345.543623	2.994100	20596.580000
10350.544261	2.992778	20498.180000
10355.543921	2.990760	20620.910000
10360.544128	2.990153	20709.320000
10365.544262	2.988777	20710.810000
10370.544284	2.986617	20692.960000
10375.543480	2.987289	20538.880000
10380.543705	2.984968	20454.590000
10385.543706	2.985299	20394.660000
10390.544232	2.981637	20450.870000
10395.543749	2.979840	20430.750000
10400.543946	2.980348	20394.400000
10405.544390	2.979584	20429.730000
10410.544650	2.978145	20410.330000
10415.544894	2.977637	20542.010000
10420.544761	2.976368	20705.880000
10425.544629	2.973344	20535.150000
10430.544759	2.977121	20750.870000
10435.545305	2.974428	20717.500000
10440.546320	2.967918	20701.260000
10445.547149	2.967702	20714.240000
10450.546964	2.968761	20515.660000
10455.546638	2.965588	20633.000000
10460.547056	2.966934	20421.950000
10465.546492	2.966587	20629.750000
10470.546646	2.961873	20493.860000
10475.548361	2.963713	20413.910000
10480.549833	2.962158	20549.760000
10485.550390	2.961221	20493.590000
10490.550849	2.957962	20419.080000
10495.550521	2.959076	20699.860000
10500.550359	2.955508	20491.080000
10505.551205	2.955676	20666.980000
10510.550797	2.955501	20580.650000
10515.550550	2.952295	20667.850000
10520.550584	2.951780	20443.380000
10525.551190	2.951455	20595.510000
10530.550915	2.947875	20615.560000
10535.551141	2.950919	20494.110000
10540.551820	2.948240	20470.470000
10545.553288	2.944772	20464.440000
10550.553587	2.944460	20391.440000
10555.555172	2.945587	20491.440000
10560.555645	2.941143	20541.880000
10565.557116	2.942945	20679.220000
10570.556441	2.943423	20672.620000
10575.556578	2.938606	20538.420000
10580.556586	2.938527	20609.550000
10585.556815	2.938112	20664.570000
10590.556513	2.935447	20690.600000
10595.557186	2.935129	20598.880000
10600.558188	2.933694	20534.210000
10605.559334	2.933567	20443.990000
10610.559016	2.933089	20439.340000
10615.560321	2.932063	20545.860000
10620.559370	2.928216	20602.950000
10625.559428	2.928272	20412.720000
10630.561398	2.927871	20560.550000
10635.561810	2.928451	20480.060000
10640.563221	2.925159	20499.090000
10645.563052	2.926367	20654.400000
10650.562727	2.922896	20650.190000
10655.563922	2.924029	20649.850000
10660.564148	2.921310	20550.160000
10665.563751	2.921608	20613.050000
10670.563683	2.919978	20617.890000
10675.563601	2.920440	20505.650000
10680.564436	2.917175	20590.850000
10685.566172	2.918887	20415.810000
10690.565782	2.918289	20479.320000
10695.565533	2.916138	20412.080000
10700.565954	2.914777	20393.310000
10705.567348	2.915624	20688.650000
10710.566817	2.913993	20478.170000
10715.567096	2.913498	20559.350000
10720.566598	2.913533	20611.340000
10725.566383	2.910509	20671.300000
10730.566537	2.910944	20658.020000
10735.567098	2.911071	20692.920000
10740.566374	2.908653	20627.510000
10745.566673	2.908586	20548.980000
10750.566925	2.907562	20616.080000
10755.566978	2.904377	20559.830000
10760.566889	2.904553	20632.790000
10765.567210	2.905010	20452.020000
10770.568098	2.904790	20521.300000
10775.569237	2.902696	20464.820000
10780.568668	2.902856	20431.290000
10785.568918	2.903312	20687.980000
10790.568547	2.898894	20513.390000
10795.570039	2.899739	20630.570000
10800.570364	2.899428	20675.970000
10805.570899	2.898362	20675.620000
10810.570530	2.898950	20619.180000
10815.570852	2.896542	20710.570000
10820.570487	2.893205	20625.180000
10825.570985	2.896978	20606.080000
10830.571170	2.895663	20670.560000
10835.571010	2.895122	20563.380000
10840.570618	2.894562	20492.910000
10845.570786	2.894765	20474.560000
10850.570461	2.891775	20436.520000
10855.570625	2.890944	20443.620000
10860.571114	2.889112	20674.610000
10865.570371	2.888530	20499.530000
10870.570739	2.889512	20634.550000
10875.570573	2.890349	20633.470000
10880.571172	2.888184	20700.450000
10885.570565	2.889373	20643.260000
10890.571230	2.885105	20628.230000
10895.572097	2.886018	20634.870000
10900.571498	2.886267	20657.710000
10905.571636	2.886882	20472.080000
10910.572320	2.884979	20458.690000
10915.571663	2.883206	20638.930000
10920.573113	2.882744	20458.930000
10925.572750	2.881214	20557.420000
10930.574216	2.881244	20513.710000
10935.573700	2.882061	20415.940000
10940.573541	2.880505	20664.580000
10945.574954	2.880322	20495.670000
10950.575133	2.879695	20643.730000
10955.575021	2.877337	20534.350000
10960.574903	2.878136	20617.630000
10965.574418	2.879118	20661.360000
10970.574862	2.877382	20613.390000
10975.574671	2.875601	20624.790000
10980.574369	2.876181	20430.990000
10985.574613	2.873036	20654.310000
10990.574656	2.871533	20585.750000
10995.575106	2.874592	20419.480000
11000.574669	2.871875	20435.680000
11005.575254	2.871329	20427.270000
11010.574592	2.873979	20459.670000
11015.575179	2.870917	20417.180000
11020.576292	2.867011	20475.080000
11025.575392	2.872797	20662.560000
11030.577073	2.868401	20494.040000
11035.576968	2.870375	20684.400000
11040.576782	2.869942	20685.050000
11045.577114	2.866942	20687.220000
11050.577326	2.868627	20585.550000
11055.576894	2.869159	20642.470000
11060.576880	2.867482	20658.650000
11065.577018	2.865432	20541.410000
11070.577908	2.865576	20601.060000
11075.577579	2.864925	20394.710000
11080.579044	2.865452	20470.030000
11085.579854	2.864367	20420.130000
11090.579495	2.862663	20658.340000
11095.581120	2.861179	20648.410000
11100.581851	2.863595	20672.270000
11105.582857	2.872582	20583.440000
11110.583878	2.867449	20565.420000
11115.585239	2.867769	20631.690000
11120.584409	2.866224	20570.640000
11125.584399	2.867671	20611.240000
11130.585258	2.866086	20584.790000
11135.586211	2.867793	20613.550000
11140.586702	2.866375	20495.060000
11145.587830	2.865662	20542.480000
11150.587562	2.866138	20496.180000
11155.587714	2.865205	20499.670000
11160.587884	2.866206	20520.460000
11165.587753	2.866915	20529.370000
11170.589222	2.866050	20537.760000
11175.589096	2.865924	20616.230000
11180.588828	2.863905	20592.440000
11185.589170	2.862499	20604.870000
11190.588405	2.863699	20609.650000
11195.588767	2.862114	20650.600000
11200.588480	2.861638	20643.680000
11205.588585	2.858681	20566.850000
11210.588820	2.859925	20553.610000
11215.589749	2.861701	20605.550000
11220.589866	2.858104	20478.350000
11225.589392	2.857644	20517.550000
11230.589903	2.856195	20473.300000
11235.590020	2.854761	20508.560000
11240.590221	2.853056	20546.340000
11245.591034	2.852062	20503.290000
11250.592216	2.853878	20636.940000
11255.592391	2.851586	20615.330000
11260.592518	2.849430	20497.360000
11265.592776	2.847369	20624.670000
11270.592687	2.846507	20580.400000
11275.592435	2.845797	20600.420000
11280.593029	2.843479	20549.600000
11285.592781	2.842404	20516.750000
11290.594221	2.838927	20604.700000
11295.593511	2.837929	20504.690000
11300.593981	2.835846	20454.960000
11305.595201	2.833855	20462.100000
11310.594817	2.833128	20485.680000
11315.594969	2.830899	20488.830000
11320.596335	2.828827	20456.040000
11325.596054	2.828537	20463.050000
11330.596414	2.825952	20632.800000
11335.596391	2.823675	20506.260000
11340.596897	2.820782	20582.280000
11345.596480	2.818436	20624.340000
11350.597022	2.816849	20609.900000
11355.596621	2.815679	20602.700000
11360.597202	2.812501	20490.670000
11365.596769	2.808704	20533.290000
11370.596481	2.807809	20533.990000
11375.597175	2.804386	20510.790000
11380.597836	2.802252	20531.740000
11385.597464	2.799808	20473.200000
11390.597584	2.798331	20466.290000
11395.597633	2.793459	20464.790000
11400.597834	2.793271	20463.180000
11405.598124	2.790265	20604.890000
11410.597523	2.785621	20561.530000
11415.599269	2.786048	20635.070000
11420.599178	2.783250	20624.040000
11425.600256	2.780549	20664.560000
11430.600188	2.778785	20582.600000
11435.600274	2.774813	20555.730000
11440.599480	2.771289	20476.050000
11445.599464	2.769502	20544.740000
11450.600086	2.764377	20557.500000
11455.600006	2.762399	20606.420000
11460.599730	2.760186	20494.630000
11465.601183	2.756327	20484.600000
11470.601087	2.753108	20513.500000
11475.600909	2.751112	20639.630000
11480.601382	2.746899	20600.100000
11485.601769	2.746221	20664.400000
11490.601964	2.742904	20568.110000
11495.601741	2.740575	20657.240000
11500.601635	2.738726	20629.390000
11505.601374	2.737309	20661.720000
11510.601672	2.734695	20620.190000
11515.602553	2.732069	20672.250000
11520.602798	2.730564	20562.790000
11525.602682	2.727075	20592.260000
11530.602872	2.724725	20528.020000
11535.602840	2.722683	20618.810000
11540.602467	2.720107	20547.500000
11545.602789	2.716367	20578.100000
11550.604003	2.715568	20501.710000
11555.603772	2.712234	20488.350000
11560.603477	2.709839	20619.720000
11565.604327	2.707629	20507.460000
11570.603814	2.705844	20644.740000
11575.605234	2.701454	20616.560000
11580.605286	2.700421	20644.390000
11585.604740	2.697952	20659.770000
11590.604490	2.694384	20604.250000
11595.605170	2.693646	20570.730000
11600.604445	2.688171	20503.550000
11605.604665	2.686339	20515.680000
11610.604625	2.685809	20537.080000
11615.605163	2.681132	20520.570000
11620.606270	2.679505	20494.870000
11625.606831	2.676288	20568.480000
11630.607153	2.672225	20543.330000
11635.606765	2.670843	20666.020000
11640.607289	2.667063	20599.160000
11645.606517	2.665132	20644.040000
11650.606785	2.661791	20605.110000
11655.608322	2.660473	20666.320000
11660.607614	2.656103	20585.750000
11665.607746	2.652812	20611.890000
11670.607370	2.650592	20609.150000
11675.607364	2.647620	20661.820000
11680.608875	2.644974	20493.270000
11685.609305	2.642529	20487.760000
11690.609776	2.639253	20504.830000
11695.609444	2.636967	20612.410000
11700.611006	2.634020	20575.250000
11705.612301	2.630470	20579.330000
11710.611726	2.626130	20572.970000
11715.612268	2.624620	20557.820000
11720.611625	2.622693	20521.970000
11725.611618	2.618763	20670.820000
11730.612718	2.614869	20497.480000
11735.612539	2.611813	20553.890000
11740.612646	2.608811	20555.810000
11745.612760	2.607411	20535.790000
11750.612795	2.602881	20566.060000
11755.612898	2.598737	20512.050000
11760.613171	2.596357	20547.170000
11765.612890	2.593459	20525.160000
11770.612449	2.589711	20545.250000
11775.657544	2.585843	20543.090000
11780.658661	2.584623	20545.970000
11785.659801	2.580183	20537.700000
11790.659944	2.576602	20562.950000
11795.660086	2.573459	20560.720000
11800.661227	2.570252	20566.500000
11805.660368	2.567633	20565.600000
11810.660510	2.565465	20561.170000
11815.660651	2.560311	20540.950000
11820.661792	2.556676	20555.530000
11825.661935	2.555579	20535.140000
11830.663075	2.551444	20544.780000
11835.664217	2.547677	20548.330000
