#lab INRiM
#s CNTArO2Etching_N1new
#t 2.7
#d 0.5
#N 20
#hv keithley6487
#dbm 5
#Kepco acceso con FAA a 30 mK
#Voltage	Current	SD
#V	pA	pA
0.000000	-0.015124	0.056821
1.000000	-0.018771	0.076733
2.000000	-0.016785	0.069587
3.000000	-0.004566	0.077178
4.000000	-0.016704	0.059099
5.000000	-0.026299	0.069509
6.000000	-0.006309	0.044740
7.000000	-0.000980	0.072818
8.000000	-0.016735	0.049504
9.000000	-0.024900	0.062152
10.000000	-0.002854	0.054632
11.000000	-0.010321	0.063521
12.000000	-0.021790	0.061709
13.000000	-0.020392	0.068789
14.000000	-0.000828	0.058463
15.000000	-0.003492	0.061871
16.000000	-0.018487	0.068611
17.000000	-0.017646	0.064756
18.000000	0.009638	0.072423
19.000000	0.002566	0.060816
20.000000	-0.020675	0.071476
21.000000	-0.014262	0.070783
22.000000	0.002739	0.082166
23.000000	0.008200	0.059914
24.000000	-0.002053	0.070575
25.000000	-0.014060	0.052844
26.000000	-0.005255	0.073362
27.000000	-0.002894	0.057124
28.000000	0.000297	0.079576
29.000000	-0.002165	0.058327
30.000000	-0.004384	0.071837
31.000000	0.001654	0.045213
32.000000	0.008919	0.074076
33.000000	-0.002986	0.061000
34.000000	0.004593	0.065304
35.000000	0.005859	0.053724
36.000000	-0.002591	0.069633
37.000000	0.011887	0.048268
38.000000	0.004279	0.068476
39.000000	0.007095	0.052836
40.000000	0.016781	0.071958
41.000000	-0.000797	0.060791
42.000000	-0.003685	0.076346
43.000000	0.002262	0.051503
44.000000	0.010834	0.074759
45.000000	0.008331	0.058836
46.000000	0.004228	0.068724
47.000000	0.009213	0.058214
48.000000	0.020105	0.079841
49.000000	0.005353	0.075298
50.000000	0.007825	0.071985
51.000000	0.006457	0.060958
52.000000	-0.016319	0.079188
53.000000	-0.035630	0.063997
54.000000	-0.126012	0.082738
55.000000	-0.256593	0.075490
56.000000	-0.558378	0.085394
57.000000	-1.028816	0.062604
58.000000	-1.858077	0.063589
59.000000	-3.238176	0.065773
60.000000	-5.632247	0.075186
61.000000	-8.965187	0.069412
62.000000	-13.957830	0.105822
63.000000	-22.939120	0.352591
64.000000	-37.422620	0.441502
65.000000	-55.445320	0.787159
66.000000	-88.112320	1.466897
67.000000	-138.830200	3.704571
68.000000	-207.487100	3.372007
69.000000	-290.508000	4.574822
70.000000	-407.365400	3.029568
71.000000	-546.504800	2.071141
72.000000	-728.141700	4.509607
73.000000	-995.673400	3.531648
74.000000	-1313.621000	1.809450
75.000000	-1743.228000	1.739830
76.000000	-2258.802000	2.443891
77.000000	-2876.836000	2.462840
78.000000	-3639.060000	5.325951
79.000000	-4581.130000	7.252881
80.000000	-5706.108000	10.854260
81.000000	-7077.061000	9.334719
82.000000	-8683.971000	4.139432
83.000000	-10621.550000	40.156280
84.000000	-12932.480000	6.762256
85.000000	-15618.300000	9.544055
85.000000	-15586.290000	23.307180
84.000000	-12902.600000	9.476284
83.000000	-10644.100000	5.916773
82.000000	-8706.182000	13.686420
81.000000	-7110.395000	8.510620
80.000000	-5728.316000	14.670570
79.000000	-4599.211000	4.822147
78.000000	-3653.515000	3.032695
77.000000	-2849.228000	22.385420
76.000000	-2247.708000	1.642175
75.000000	-1731.252000	2.496305
74.000000	-1303.634000	2.658966
73.000000	-962.768100	1.671173
72.000000	-714.993800	1.443332
71.000000	-530.287600	2.226754
70.000000	-391.035600	3.570340
69.000000	-270.807500	4.202402
68.000000	-181.912700	9.940936
67.000000	-122.176800	4.301145
66.000000	-83.232770	1.324494
65.000000	-51.679500	0.813137
64.000000	-32.914660	0.572392
63.000000	-20.102430	0.221280
62.000000	-12.875890	0.255364
61.000000	-7.959348	0.089746
60.000000	-4.814938	0.073771
59.000000	-2.811523	0.065981
58.000000	-1.552907	0.069695
57.000000	-0.895419	0.062953
56.000000	-0.496811	0.059956
55.000000	-0.256907	0.063960
54.000000	-0.117502	0.057834
53.000000	-0.052307	0.066907
52.000000	-0.039125	0.057889
51.000000	-0.022155	0.076659
50.000000	-0.015600	0.057500
49.000000	0.003509	0.063970
48.000000	-0.011294	0.062689
47.000000	-0.016765	0.061598
46.000000	-0.014131	0.050607
45.000000	-0.001172	0.065370
44.000000	-0.020686	0.052928
43.000000	-0.023776	0.080240
42.000000	-0.006471	0.051889
41.000000	0.008787	0.073909
40.000000	-0.005539	0.057655
39.000000	-0.015153	0.084160
38.000000	-0.013128	0.049442
37.000000	-0.021000	0.073888
36.000000	-0.012935	0.052170
35.000000	-0.009511	0.070164
34.000000	-0.017596	0.057884
33.000000	-0.010514	0.068425
32.000000	-0.019734	0.052178
31.000000	-0.019784	0.064850
30.000000	-0.025337	0.039148
29.000000	-0.013857	0.064947
28.000000	-0.011132	0.046920
27.000000	-0.024090	0.062655
26.000000	-0.017829	0.039113
25.000000	-0.015985	0.055976
24.000000	-0.018893	0.048438
23.000000	-0.007687	0.050767
22.000000	-0.017748	0.055365
21.000000	-0.021669	0.062476
20.000000	-0.029096	0.044674
19.000000	-0.017789	0.049827
18.000000	-0.026066	0.052198
17.000000	-0.028609	0.055212
16.000000	-0.014556	0.054250
15.000000	-0.021578	0.055341
14.000000	-0.025823	0.056828
13.000000	-0.022023	0.046273
12.000000	-0.025286	0.045805
11.000000	-0.017292	0.050277
10.000000	-0.030605	0.039329
9.000000	-0.024962	0.039136
8.000000	-0.021102	0.050964
7.000000	-0.023614	0.037744
6.000000	-0.027221	0.040539
5.000000	-0.031335	0.037647
4.000000	-0.022551	0.036671
3.000000	-0.028721	0.031696
2.000000	-0.037383	0.044086
1.000000	-0.038467	0.043091
0.000000	-0.027951	0.046395
