#lab INRiM MiCb
#hv keithley6487
#s CNTArO2Etching_Strongnew
#t 2.7 
#d 0.5
#N 20
#dbm 2
#
#Voltage	Current	SD
#V	pA	pA
0.000000	0.134242	0.094538
0.200000	0.129359	0.078089
0.400000	0.162149	0.058310
0.600000	0.186345	0.074882
0.800000	0.199741	0.055485
1.000000	0.206489	0.067900
1.200000	0.165644	0.095047
1.400000	0.133027	0.059713
1.600000	0.152290	0.066253
1.800000	0.177226	0.071550
2.000000	0.175006	0.084959
2.200000	0.189719	0.069658
2.400000	0.167843	0.091480
2.600000	0.157285	0.083095
2.800000	0.153931	0.065239
3.000000	0.140019	0.066825
3.200000	0.155958	0.062966
3.400000	0.154610	0.064553
3.600000	0.170468	0.059088
3.800000	0.171470	0.089434
4.000000	0.154306	0.058961
4.200000	0.173822	0.062524
4.400000	0.163070	0.069716
4.600000	0.176720	0.064207
4.800000	0.165847	0.056270
5.000000	0.177743	0.066292
5.200000	0.167924	0.075193
5.400000	0.145450	0.053330
5.600000	0.161146	0.070381
5.800000	0.161774	0.051951
6.000000	0.170519	0.049407
6.200000	0.187308	0.067370
6.400000	0.151681	0.071544
6.600000	0.155532	0.070982
6.800000	0.165675	0.053463
7.000000	0.174622	0.074790
7.200000	0.174105	0.057222
7.400000	0.167387	0.067688
7.600000	0.179840	0.084934
7.800000	0.175068	0.066388
8.000000	0.158602	0.064712
8.200000	0.169799	0.052190
8.400000	0.179658	0.053742
8.600000	0.181583	0.061067
8.800000	0.172585	0.075316
9.000000	0.172990	0.085578
9.200000	0.156707	0.065760
9.400000	0.159626	0.072119
9.600000	0.155076	0.067758
9.800000	0.144549	0.062361
10.000000	0.184714	0.058658
10.200000	0.193569	0.073851
10.400000	0.170296	0.063954
10.600000	0.172190	0.050181
10.800000	0.156272	0.070401
11.000000	0.181634	0.060888
11.200000	0.163081	0.065928
11.400000	0.156850	0.061096
11.600000	0.148175	0.075089
11.800000	0.166982	0.063916
12.000000	0.168724	0.080318
12.200000	0.149189	0.059883
12.400000	0.161034	0.057616
12.600000	0.187581	0.070782
12.800000	0.164530	0.068630
13.000000	0.165320	0.080346
13.200000	0.163121	0.063043
13.400000	0.169110	0.069249
13.600000	0.153637	0.070847
13.800000	0.151327	0.077620
14.000000	0.160396	0.073369
14.200000	0.181107	0.070272
14.400000	0.163668	0.076132
14.600000	0.146412	0.074064
14.800000	0.173791	0.068010
15.000000	0.148834	0.069696
15.200000	0.139036	0.071689
15.400000	0.174673	0.068996
15.600000	0.148318	0.053035
15.800000	0.155339	0.078929
16.000000	0.139725	0.077286
16.200000	0.164245	0.091691
16.400000	0.155825	0.095175
16.600000	0.158704	0.057093
16.800000	0.162605	0.072668
17.000000	0.163577	0.087875
17.200000	0.149401	0.084172
17.400000	0.159159	0.083242
17.600000	0.159534	0.097903
17.800000	0.164448	0.081039
18.000000	0.180469	0.072467
18.200000	0.174774	0.071368
18.400000	0.158551	0.082778
18.600000	0.156495	0.064266
18.800000	0.156657	0.081558
19.000000	0.158591	0.085295
19.200000	0.161226	0.092493
19.400000	0.164752	0.089555
19.600000	0.156595	0.086616
19.800000	0.161338	0.067240
20.000000	0.173061	0.074779
20.200000	0.162533	0.080952
20.400000	0.158490	0.078278
20.600000	0.147730	0.091655
20.800000	0.173294	0.076585
21.000000	0.178482	0.080587
21.200000	0.166607	0.085076
21.400000	0.179181	0.091027
21.600000	0.174520	0.078112
21.800000	0.177438	0.089085
22.000000	0.155035	0.079135
22.200000	0.153962	0.072849
22.400000	0.153343	0.087917
22.600000	0.174621	0.080973
22.800000	0.165472	0.069288
23.000000	0.151134	0.076465
23.200000	0.170872	0.085056
23.400000	0.151550	0.077629
23.600000	0.169220	0.109286
23.800000	0.171206	0.101996
24.000000	0.154762	0.075222
24.200000	0.155268	0.078867
24.400000	0.140626	0.078417
24.600000	0.177084	0.080722
24.800000	0.158500	0.112688
25.000000	0.154568	0.095383
25.200000	0.183781	0.084047
25.400000	0.162907	0.103849
25.600000	0.162280	0.086790
25.800000	0.167720	0.107014
26.000000	0.157040	0.109464
26.200000	0.152785	0.092802
26.400000	0.164245	0.106514
26.600000	0.168876	0.090680
26.800000	0.160141	0.102916
27.000000	0.167255	0.090096
27.200000	0.162199	0.086477
27.400000	0.144770	0.098002
27.600000	0.158926	0.089679
27.800000	0.147779	0.088315
28.000000	0.172179	0.088660
28.200000	0.153362	0.096602
28.400000	0.168359	0.105081
28.600000	0.169200	0.109857
28.800000	0.160982	0.111032
29.000000	0.168784	0.112770
29.200000	0.152936	0.124385
29.400000	0.166363	0.109369
29.600000	0.159472	0.117222
29.800000	0.180335	0.106478
30.000000	0.156391	0.119350
30.200000	0.166838	0.125050
30.400000	0.163778	0.119539
30.600000	0.137413	0.119970
30.800000	0.173314	0.095432
31.000000	0.127463	0.096725
31.200000	0.173881	0.104125
31.400000	0.166950	0.114906
31.600000	0.162805	0.124448
31.800000	0.161711	0.123044
32.000000	0.173313	0.129172
32.200000	0.187682	0.104679
32.400000	0.169980	0.112711
32.600000	0.187833	0.126458
32.800000	0.162927	0.129301
33.000000	0.155571	0.118196
33.200000	0.163808	0.133530
33.400000	0.148305	0.150787
33.600000	0.153220	0.108808
33.800000	0.147748	0.125895
34.000000	0.148853	0.127855
34.200000	0.151233	0.146139
34.400000	0.170424	0.148451
34.600000	0.154709	0.124696
34.800000	0.146542	0.134244
35.000000	0.180102	0.120557
35.200000	0.144162	0.100041
35.400000	0.146380	0.121362
35.600000	0.140543	0.138723
35.800000	0.145013	0.116474
36.000000	0.148883	0.120121
36.200000	0.161244	0.147257
36.400000	0.147383	0.125973
36.600000	0.147373	0.125964
36.800000	0.133775	0.107800
37.000000	0.176880	0.122051
37.200000	0.163909	0.133291
37.400000	0.153889	0.123888
37.600000	0.146248	0.131070
37.800000	0.152054	0.127174
38.000000	0.153838	0.117909
38.200000	0.162896	0.131611
38.400000	0.156047	0.128484
38.600000	0.145458	0.117439
38.800000	0.155549	0.138829
39.000000	0.137271	0.133336
39.200000	0.149268	0.131297
39.400000	0.163707	0.125134
39.600000	0.158043	0.124632
39.800000	0.159209	0.118533
40.000000	0.158448	0.121186
40.200000	0.167447	0.103122
40.400000	0.162623	0.126701
40.600000	0.171782	0.147837
40.800000	0.169766	0.132974
41.000000	0.175694	0.141392
41.200000	0.172998	0.139922
41.400000	0.145285	0.144845
41.600000	0.168105	0.141209
41.800000	0.157667	0.144181
42.000000	0.167972	0.138752
42.200000	0.158793	0.129948
42.400000	0.164435	0.163598
42.600000	0.179512	0.166433
42.800000	0.169493	0.129721
43.000000	0.175410	0.134779
43.200000	0.158286	0.127180
43.400000	0.163868	0.157422
43.600000	0.172582	0.163216
43.800000	0.154829	0.170557
44.000000	0.190549	0.150225
44.200000	0.163474	0.135285
44.400000	0.174052	0.141164
44.600000	0.147900	0.142814
44.800000	0.156096	0.148161
45.000000	0.172653	0.158925
45.200000	0.170576	0.155173
45.400000	0.167141	0.138492
45.600000	0.167375	0.139710
45.800000	0.156806	0.142265
46.000000	0.153574	0.136926
46.200000	0.165267	0.146815
46.400000	0.159004	0.147733
46.600000	0.157961	0.146471
46.800000	0.173606	0.145906
47.000000	0.137462	0.162806
47.200000	0.148314	0.149105
47.400000	0.152368	0.150825
47.600000	0.147748	0.142088
47.800000	0.169694	0.153241
48.000000	0.152661	0.144214
48.200000	0.170385	0.142790
48.400000	0.146004	0.162568
48.600000	0.164568	0.143909
48.800000	0.150513	0.156767
49.000000	0.165519	0.178241
49.200000	0.154708	0.144757
49.400000	0.163493	0.157753
49.600000	0.169937	0.150196
49.800000	0.149347	0.171747
50.000000	0.163878	0.157827
50.200000	0.145244	0.154659
50.400000	0.152235	0.162505
50.600000	0.154343	0.139650
50.800000	0.149307	0.168964
51.000000	0.187508	0.158059
51.200000	0.160989	0.171459
51.400000	0.161173	0.157401
51.600000	0.168163	0.183567
51.800000	0.148820	0.165735
52.000000	0.169968	0.152040
52.200000	0.131525	0.128473
52.400000	0.168214	0.179408
52.600000	0.149530	0.167427
52.800000	0.171619	0.171739
53.000000	0.158973	0.167647
53.200000	0.142043	0.138056
53.400000	0.164709	0.167217
53.600000	0.152691	0.152817
53.800000	0.167374	0.157923
54.000000	0.167707	0.182147
54.200000	0.152803	0.157457
54.400000	0.152428	0.160113
54.600000	0.153796	0.178859
54.800000	0.164283	0.177010
55.000000	0.157362	0.175222
55.200000	0.173818	0.181583
55.400000	0.153643	0.175643
55.600000	0.146500	0.159368
55.800000	0.187203	0.167495
56.000000	0.162438	0.164970
56.200000	0.163797	0.153817
56.400000	0.157301	0.173992
56.600000	0.175641	0.178169
56.800000	0.158568	0.179771
57.000000	0.153087	0.160871
57.200000	0.158142	0.176599
57.400000	0.152853	0.168789
57.600000	0.158062	0.163968
57.800000	0.157413	0.180887
58.000000	0.175592	0.142398
58.200000	0.158001	0.150382
58.400000	0.172216	0.169125
58.600000	0.166876	0.186284
58.800000	0.157545	0.171029
59.000000	0.161344	0.173123
59.200000	0.154272	0.159381
59.400000	0.179644	0.160354
59.600000	0.157534	0.187718
59.800000	0.152650	0.198402
60.000000	0.147037	0.181499
60.200000	0.148252	0.182233
60.400000	0.168914	0.170049
60.600000	0.148029	0.202634
60.800000	0.143510	0.193703
61.000000	0.161952	0.197036
61.200000	0.149883	0.190762
61.400000	0.186970	0.169962
61.600000	0.162844	0.185276
61.800000	0.176178	0.197603
62.000000	0.164789	0.192466
62.200000	0.166928	0.162848
62.400000	0.162630	0.203054
62.600000	0.169764	0.201042
62.800000	0.175389	0.171944
63.000000	0.179633	0.186850
63.200000	0.160087	0.188380
63.400000	0.186281	0.175013
63.600000	0.207245	0.197514
63.800000	0.196404	0.165751
64.000000	0.190090	0.196120
64.200000	0.234755	0.182950
64.400000	0.203345	0.172958
64.600000	0.231584	0.191815
64.800000	0.226740	0.191159
65.000000	0.220863	0.215013
65.200000	0.247958	0.186560
65.400000	0.230185	0.208157
65.600000	0.256814	0.198634
65.800000	0.229731	0.168124
66.000000	0.266968	0.180180
66.200000	0.355384	0.202444
66.400000	0.427831	0.194825
66.600000	0.449889	0.203697
66.800000	0.456050	0.190174
67.000000	0.508901	0.189198
67.200000	0.510309	0.218447
67.400000	0.545935	0.197829
67.600000	0.574640	0.225666
67.800000	0.620165	0.207805
68.000000	0.657574	0.217225
68.200000	0.673228	0.175822
68.400000	0.759526	0.207057
68.600000	0.787755	0.204639
68.800000	0.838792	0.189128
69.000000	1.329119	0.197497
69.200000	1.386965	0.202041
69.400000	1.449604	0.220984
69.600000	1.532751	0.192887
69.800000	1.621967	0.206496
70.000000	1.701070	0.222623
70.200000	1.828506	0.208500
70.400000	1.908967	0.224499
70.600000	2.038774	0.227223
70.800000	2.109761	0.204564
71.000000	2.218381	0.209282
71.200000	2.368675	0.204430
71.400000	2.499758	0.194210
71.600000	2.637944	0.212536
71.800000	2.717706	0.225711
72.000000	2.978342	0.221373
72.200000	4.258077	0.242445
72.400000	4.525885	0.251246
72.600000	4.782215	0.220651
72.800000	5.046681	0.221058
73.000000	5.364324	0.226205
73.200000	5.580215	0.244688
73.400000	5.884430	0.238923
73.600000	6.260060	0.206167
73.800000	6.619953	0.217014
74.000000	6.972248	0.201547
74.200000	7.328077	0.210487
74.400000	7.789608	0.222820
74.600000	8.076020	0.221426
74.800000	8.602683	0.216240
75.000000	14.841390	0.223013
75.200000	15.980020	0.210444
75.400000	16.872980	0.212352
75.600000	17.911720	0.203796
75.800000	18.906390	0.222501
76.000000	19.850340	0.244402
76.200000	20.745860	0.223319
76.400000	22.172650	0.247145
76.600000	23.417810	0.231775
76.800000	24.711410	0.225034
77.000000	26.071790	0.238682
77.200000	27.475960	0.236729
77.400000	28.576370	0.283429
77.600000	30.174570	0.277245
77.800000	40.483130	0.242511
78.000000	43.122280	0.220327
78.200000	46.694280	0.226800
78.400000	49.322080	0.228834
78.600000	52.536950	0.236843
78.800000	54.956010	0.200500
79.000000	58.008110	0.224558
79.200000	61.582990	0.237589
79.400000	64.110710	0.237785
79.600000	67.728250	0.266617
79.800000	70.834390	0.234088
80.000000	73.820610	0.246288
80.200000	78.061690	0.256148
80.400000	103.112200	0.443277
80.600000	110.033500	0.234048
80.800000	115.796800	0.433554
81.000000	122.303300	0.272108
81.200000	126.872900	2.460857
81.400000	136.131000	0.230334
81.600000	142.576500	0.280777
81.800000	148.062400	0.253198
82.000000	156.028000	0.310275
82.200000	161.821600	0.330949
82.400000	168.501900	0.311401
82.600000	177.722700	0.285308
82.800000	183.020900	0.301318
83.000000	192.273000	0.271977
83.200000	224.851000	0.559179
83.400000	254.435300	0.312433
83.600000	267.099900	1.699682
83.800000	276.875700	0.265840
84.000000	289.375600	0.385770
84.200000	301.637500	0.634804
84.400000	311.699700	1.188845
84.600000	330.130900	0.770923
84.800000	338.597600	0.830628
85.000000	116.674700	80.403250
85.200000	95.015050	0.267759
85.400000	100.899000	0.262559
85.600000	124.378100	3.110361
85.800000	140.446900	0.264557
86.000000	147.792500	1.844289
86.200000	154.188300	2.134864
86.400000	160.739500	0.282990
86.600000	168.640800	1.824582
86.800000	185.541600	43.095570
87.000000	185.530300	0.592940
87.200000	192.287500	0.802806
87.400000	202.135700	0.795003
87.600000	211.120400	3.044938
87.800000	224.140000	0.710938
88.000000	234.707400	0.965965
88.200000	770.946900	0.878152
88.400000	807.679800	1.528864
88.600000	905.415100	2.753547
88.800000	1020.475000	0.981888
89.000000	1062.860000	0.518325
89.200000	1099.766000	0.494375
89.400000	1141.866000	1.813002
89.600000	1180.566000	1.619105
89.800000	1227.592000	0.887777
90.000000	1268.989000	1.196492
90.000000	1270.440000	1.017027
89.800000	1229.439000	0.936067
89.600000	1184.473000	0.888757
89.400000	1145.050000	1.238152
89.200000	1102.137000	1.400528
89.000000	1055.755000	0.782433
88.800000	929.994000	3.681697
88.600000	835.336400	0.685426
88.400000	796.881100	0.632188
88.200000	770.297400	0.468937
88.000000	743.413200	0.469978
87.800000	713.183500	0.675041
87.600000	689.992600	0.430175
87.400000	664.801000	0.563878
87.200000	641.475900	0.348998
87.000000	618.014000	0.440264
86.800000	593.399700	0.436899
86.600000	570.116800	0.584707
86.400000	538.419300	1.690112
86.200000	469.159500	3.087405
86.000000	415.532700	0.435163
85.800000	395.428600	0.413317
85.600000	379.969600	0.424749
85.400000	363.268000	0.386430
85.200000	348.893400	0.502307
85.000000	335.005400	0.350417
84.800000	320.972500	0.297230
84.600000	308.532800	0.439516
84.400000	294.406600	0.281225
84.200000	281.639400	1.273075
84.000000	269.196100	1.072183
83.800000	257.460600	0.347296
83.600000	237.859400	0.369083
83.400000	194.484500	0.291797
83.200000	186.783200	0.257395
83.000000	178.596100	0.265056
82.800000	171.807800	0.263184
82.600000	163.895500	0.283608
82.400000	155.905700	1.092203
82.200000	149.011400	0.382486
82.000000	142.206500	0.274128
81.800000	136.663400	0.232519
81.600000	130.188200	0.264761
81.400000	123.069500	0.430828
81.200000	117.999400	0.251225
81.000000	110.611600	0.437569
80.800000	97.726740	0.477241
80.600000	77.665800	0.255748
80.400000	74.067500	0.252889
80.200000	70.012340	0.247888
80.000000	67.095920	0.240841
79.800000	64.434200	0.556311
79.600000	60.744480	0.317462
79.400000	58.551920	0.279777
79.200000	55.206430	0.263067
79.000000	52.983680	0.255471
78.800000	49.484710	0.259248
78.600000	46.509380	0.291990
78.400000	44.664620	0.283889
78.200000	42.194810	0.268827
78.000000	40.517490	0.219040
77.800000	28.634960	0.229774
77.600000	27.026400	0.240291
77.400000	25.615560	0.233087
77.200000	24.375060	0.262514
77.000000	23.127000	0.230413
76.800000	21.862100	0.231803
76.600000	20.543120	0.235912
76.400000	19.345540	0.197618
76.200000	18.412860	0.207887
76.000000	17.599060	0.217294
75.800000	16.579070	0.225507
75.600000	14.949610	0.247465
75.400000	13.571420	0.263706
75.200000	9.357697	0.244556
75.000000	8.012031	0.187594
74.800000	7.419509	0.221002
74.600000	6.907913	0.202335
74.400000	6.547280	0.182059
74.200000	6.212788	0.217354
74.000000	5.969326	0.218714
73.800000	5.594549	0.233967
73.600000	5.374190	0.209514
73.400000	5.019758	0.223366
73.200000	4.841377	0.217502
73.000000	4.638355	0.229124
72.800000	4.348659	0.200993
72.600000	4.130437	0.203999
72.400000	2.821036	0.215757
72.200000	2.651450	0.193320
72.000000	2.486444	0.226269
71.800000	2.385474	0.220777
71.600000	2.291516	0.193131
71.400000	2.117036	0.205240
71.200000	2.065634	0.194093
71.000000	1.901874	0.194477
70.800000	1.867008	0.204834
70.600000	1.750648	0.221565
70.400000	1.642717	0.200793
70.200000	1.581406	0.208991
70.000000	1.490893	0.208717
69.800000	1.415650	0.211954
69.600000	1.339474	0.205964
69.400000	1.176353	0.187006
69.200000	0.798130	0.200284
69.000000	0.727984	0.204161
68.800000	0.673927	0.223723
68.600000	0.660107	0.256240
68.400000	0.614896	0.231097
68.200000	0.569573	0.244841
68.000000	0.558185	0.223733
67.800000	0.509407	0.250879
67.600000	0.506925	0.226484
67.400000	0.483519	0.238861
67.200000	0.445178	0.255080
67.000000	0.447883	0.213182
66.800000	0.399136	0.215667
66.600000	0.360187	0.204885
66.400000	0.270989	0.217413
66.200000	0.241281	0.206275
66.000000	0.246317	0.183476
65.800000	0.250937	0.200325
65.600000	0.209879	0.208187
65.400000	0.237795	0.197486
65.200000	0.199512	0.210622
65.000000	0.228209	0.221332
64.800000	0.206798	0.216569
64.600000	0.209647	0.187007
64.400000	0.208309	0.189385
64.200000	0.184385	0.201940
64.000000	0.196719	0.150903
63.800000	0.162509	0.188121
63.600000	0.178488	0.198515
63.400000	0.169177	0.184034
63.200000	0.181599	0.186113
63.000000	0.194214	0.189830
62.800000	0.141868	0.196842
62.600000	0.174041	0.165124
62.400000	0.175671	0.197825
62.200000	0.171405	0.204101
62.000000	0.170412	0.210854
61.800000	0.153015	0.177216
61.600000	0.168629	0.173952
61.400000	0.138728	0.176570
61.200000	0.180475	0.166404
61.000000	0.145334	0.193921
60.800000	0.167939	0.197336
60.600000	0.172490	0.173324
60.400000	0.152549	0.171159
60.200000	0.180647	0.168092
60.000000	0.154676	0.192872
59.800000	0.157068	0.187642
59.600000	0.174445	0.191863
59.400000	0.145963	0.172391
59.200000	0.177972	0.166663
59.000000	0.154646	0.171427
58.800000	0.162905	0.175328
58.600000	0.179542	0.174063
58.400000	0.155407	0.157717
58.200000	0.166958	0.164136
58.000000	0.147402	0.162190
57.800000	0.170221	0.160274
57.600000	0.160807	0.174439
57.400000	0.175612	0.155747
57.200000	0.186069	0.148513
57.000000	0.146744	0.144136
56.800000	0.167192	0.135571
56.600000	0.166979	0.164957
56.400000	0.148384	0.184757
56.200000	0.166269	0.166178
56.000000	0.158051	0.183701
55.800000	0.167030	0.162102
55.600000	0.155335	0.175351
55.400000	0.153036	0.162031
55.200000	0.148253	0.163382
55.000000	0.150593	0.198589
54.800000	0.178103	0.179125
54.600000	0.138738	0.179700
54.400000	0.175045	0.145881
54.200000	0.163259	0.184362
54.000000	0.165103	0.187482
53.800000	0.160624	0.215384
53.600000	0.178124	0.175259
53.400000	0.173118	0.195576
53.200000	0.151192	0.160324
53.000000	0.166391	0.168389
52.800000	0.164131	0.183641
52.600000	0.155093	0.166533
52.400000	0.141748	0.143924
52.200000	0.169065	0.175745
52.000000	0.179005	0.167653
51.800000	0.151790	0.152493
51.600000	0.178093	0.181764
51.400000	0.136114	0.150443
51.200000	0.172917	0.162402
51.000000	0.155538	0.167471
50.800000	0.160210	0.157818
50.600000	0.177182	0.181282
50.400000	0.159409	0.162057
50.200000	0.153949	0.145623
50.000000	0.162500	0.149333
49.800000	0.168792	0.180659
49.600000	0.163979	0.157899
49.400000	0.145356	0.157329
49.200000	0.159480	0.159165
49.000000	0.157008	0.158130
48.800000	0.157940	0.166564
48.600000	0.167993	0.135928
48.400000	0.149409	0.141521
48.200000	0.172887	0.140053
48.000000	0.142396	0.162600
47.800000	0.147605	0.151103
47.600000	0.166512	0.160405
47.400000	0.148973	0.145296
47.200000	0.189748	0.157674
47.000000	0.133845	0.159428
46.800000	0.175703	0.149607
46.600000	0.142742	0.125763
46.400000	0.170009	0.141137
46.200000	0.144869	0.139999
46.000000	0.149156	0.123761
45.800000	0.162603	0.117393
45.600000	0.153026	0.155287
45.400000	0.170688	0.148586
45.200000	0.150696	0.145386
45.000000	0.157303	0.134547
44.800000	0.161863	0.135388
44.600000	0.159846	0.144321
44.400000	0.172238	0.131874
44.200000	0.168500	0.139170
44.000000	0.186545	0.161734
43.800000	0.157677	0.148599
43.600000	0.160820	0.119448
43.400000	0.174134	0.122618
43.200000	0.157516	0.125201
43.000000	0.173475	0.131316
42.800000	0.167495	0.143293
42.600000	0.172350	0.124423
42.400000	0.162278	0.139561
42.200000	0.174651	0.128082
42.000000	0.164022	0.120250
41.800000	0.169077	0.143182
41.600000	0.160971	0.129956
41.400000	0.168905	0.126803
41.200000	0.165612	0.135824
41.000000	0.161934	0.135180
40.800000	0.162683	0.136481
40.600000	0.168277	0.119569
40.400000	0.170010	0.132388
40.200000	0.161164	0.119713
40.000000	0.157130	0.146908
39.800000	0.158156	0.098230
39.600000	0.182767	0.105993
39.400000	0.173617	0.113744
39.200000	0.171399	0.105974
39.000000	0.155459	0.129306
38.800000	0.145844	0.094113
38.600000	0.150859	0.111390
38.400000	0.153685	0.132426
38.200000	0.171195	0.120912
38.000000	0.142924	0.136673
37.800000	0.159025	0.151299
37.600000	0.185735	0.135025
37.400000	0.165268	0.126525
37.200000	0.158012	0.119576
37.000000	0.147050	0.104360
36.800000	0.158114	0.121603
36.600000	0.147009	0.124900
36.400000	0.175684	0.119233
36.200000	0.184956	0.114776
36.000000	0.154528	0.091765
35.800000	0.167872	0.116238
35.600000	0.164598	0.138005
35.400000	0.162025	0.118987
35.200000	0.188897	0.135279
35.000000	0.170496	0.116752
34.800000	0.166981	0.100345
34.600000	0.151193	0.139858
34.400000	0.172949	0.102007
34.200000	0.151943	0.120835
34.000000	0.173364	0.113526
33.800000	0.159917	0.127207
33.600000	0.159148	0.122163
33.400000	0.174286	0.122015
33.200000	0.162937	0.115266
33.000000	0.175653	0.128212
32.800000	0.153433	0.135901
32.600000	0.159391	0.109417
32.400000	0.176638	0.108464
32.200000	0.151842	0.105437
32.000000	0.167082	0.112183
31.800000	0.165106	0.112355
31.600000	0.171652	0.108185
31.400000	0.169544	0.122251
31.200000	0.172645	0.104588
31.000000	0.179333	0.113007
30.800000	0.153028	0.107113
30.600000	0.176769	0.097315
30.400000	0.164003	0.095928
30.200000	0.170669	0.095028
30.000000	0.167274	0.121767
29.800000	0.166089	0.106661
29.600000	0.160304	0.098592
29.400000	0.151113	0.095600
29.200000	0.183213	0.095202
29.000000	0.160557	0.109408
28.800000	0.166981	0.099290
28.600000	0.157598	0.105026
28.400000	0.152319	0.090290
28.200000	0.147668	0.093422
28.000000	0.153777	0.119443
27.800000	0.159725	0.106838
27.600000	0.154326	0.076972
27.400000	0.159432	0.100109
27.200000	0.157446	0.093186
27.000000	0.156159	0.126193
26.800000	0.158925	0.093160
26.600000	0.166718	0.089442
26.400000	0.166282	0.093920
26.200000	0.156088	0.111341
26.000000	0.155450	0.084889
25.800000	0.165593	0.100324
25.600000	0.136665	0.076477
25.400000	0.166140	0.115831
25.200000	0.170487	0.093332
25.000000	0.161125	0.086086
24.800000	0.166323	0.086180
24.600000	0.151863	0.099812
24.400000	0.155227	0.091156
24.200000	0.158034	0.106331
24.000000	0.158753	0.095941
23.800000	0.158500	0.084929
23.600000	0.168887	0.084699
23.400000	0.146736	0.090699
23.200000	0.148398	0.084039
23.000000	0.158359	0.083799
22.800000	0.153484	0.111369
22.600000	0.161105	0.087595
22.400000	0.169058	0.090794
22.200000	0.149300	0.075215
22.000000	0.165016	0.092945
21.800000	0.158894	0.115913
21.600000	0.168248	0.085609
21.400000	0.155927	0.065548
21.200000	0.149249	0.084611
21.000000	0.165492	0.100528
20.800000	0.161864	0.101847
20.600000	0.170021	0.089638
20.400000	0.160700	0.070411
20.200000	0.147912	0.081979
20.000000	0.170964	0.073255
19.800000	0.145612	0.080150
19.600000	0.152350	0.084023
19.400000	0.170112	0.089103
19.200000	0.167134	0.072944
19.000000	0.146929	0.083232
18.800000	0.173487	0.064850
18.600000	0.159362	0.070139
18.400000	0.173609	0.074272
18.200000	0.157335	0.072819
18.000000	0.176000	0.076627
17.800000	0.173447	0.067178
17.600000	0.158308	0.083137
17.400000	0.169667	0.074335
17.200000	0.148450	0.067578
17.000000	0.159858	0.084121
16.800000	0.165948	0.088568
16.600000	0.188210	0.076956
16.400000	0.145217	0.074479
16.200000	0.162128	0.073569
16.000000	0.159371	0.092306
15.800000	0.160881	0.098276
15.600000	0.174753	0.073847
15.400000	0.156028	0.079609
15.200000	0.163892	0.071207
15.000000	0.160658	0.089165
14.800000	0.148236	0.068382
14.600000	0.162483	0.063534
14.400000	0.157710	0.083235
14.200000	0.149442	0.060635
14.000000	0.159342	0.065335
13.800000	0.166323	0.071825
13.600000	0.147395	0.079471
13.400000	0.143586	0.065482
13.200000	0.160629	0.068619
13.000000	0.167427	0.075345
12.800000	0.149797	0.065095
12.600000	0.167397	0.080280
12.400000	0.151833	0.082296
12.200000	0.167682	0.058866
12.000000	0.154995	0.056785
11.800000	0.157853	0.044369
11.600000	0.154580	0.062118
11.400000	0.159312	0.049180
11.200000	0.165968	0.082680
11.000000	0.165452	0.060080
10.800000	0.137931	0.074173
10.600000	0.145531	0.065317
10.400000	0.169657	0.059322
10.200000	0.148703	0.067037
10.000000	0.169292	0.066967
9.800000	0.158319	0.056920
9.600000	0.128954	0.058095
9.400000	0.137040	0.062478
9.200000	0.146565	0.068078
9.000000	0.179465	0.064363
8.800000	0.166577	0.056826
8.600000	0.171015	0.057376
8.400000	0.172383	0.082276
8.200000	0.145673	0.066059
8.000000	0.150679	0.066167
7.800000	0.144468	0.056331
7.600000	0.154580	0.053212
7.400000	0.151317	0.055330
7.200000	0.148571	0.048645
7.000000	0.152077	0.075062
6.800000	0.149332	0.040798
6.600000	0.152249	0.057856
6.400000	0.174156	0.064305
6.200000	0.181604	0.058159
6.000000	0.178047	0.058538
5.800000	0.174663	0.052445
5.600000	0.155968	0.060062
5.400000	0.137020	0.051916
5.200000	0.160781	0.078640
5.000000	0.178949	0.044097
4.800000	0.157883	0.056709
4.600000	0.152847	0.073408
4.400000	0.176315	0.062632
4.200000	0.137871	0.064204
4.000000	0.157042	0.054470
3.800000	0.163274	0.062835
3.600000	0.159768	0.059929
3.400000	0.156170	0.062006
3.200000	0.192506	0.058080
3.000000	0.168948	0.055381
2.800000	0.175453	0.073499
2.600000	0.169414	0.062772
2.400000	0.180013	0.067348
2.200000	0.159373	0.056239
2.000000	0.152918	0.061590
1.800000	0.177925	0.058899
1.600000	0.164409	0.060402
1.400000	0.159474	0.052379
1.200000	0.162524	0.056586
1.000000	0.147427	0.056401
0.800000	0.165452	0.060082
0.600000	0.154509	0.064349
0.400000	0.162504	0.061468
0.200000	0.144883	0.065924
0.000000	0.170002	0.049543
