#lab INRiM MiCb 30mK plate
#hv keithley6487
#s CNTArO2Etching_N1new
#t 
#d 0.5
#N 20
#dbm 2
#
#Voltage	Temperature	Current	SD
#V	K	pA	pA
0.000000	3.572000	-5.468941	7.960077
0.200000	3.527000	5.542350	7.051732
0.400000	3.543000	-3.321734	8.728397
0.600000	3.560000	1.516964	10.402100
0.800000	3.537000	6.715069	7.464007
1.000000	3.554000	-5.377386	6.891593
1.200000	3.566000	1.282701	8.728485
1.400000	3.568000	4.606150	8.132646
1.600000	3.532000	-4.242617	7.405841
1.800000	3.549000	-3.837546	8.079410
2.000000	3.563000	-0.693874	7.650288
2.200000	3.566000	-0.369267	6.919309
2.400000	3.528000	7.886108	9.866202
2.600000	3.545000	1.008551	10.075680
2.800000	3.560000	0.599950	7.639461
3.000000	3.563000	-2.736111	10.789820
3.200000	3.555000	-6.829122	7.282822
3.400000	3.562000	-1.102392	8.213007
3.600000	3.558000	6.198127	7.969585
3.800000	3.544000	3.749265	7.616920
4.000000	3.552000	1.164205	9.523115
4.200000	3.560000	7.956533	21.389330
4.400000	3.556000	-4.398981	8.783366
4.600000	3.543000	3.329513	15.490070
4.800000	3.548000	-0.074317	11.564230
5.000000	3.558000	2.865846	14.208330
5.200000	3.555000	1.091033	28.869470
5.400000	3.542000	2.860185	26.350640
5.600000	3.556000	-2.798616	25.104090
5.800000	3.546000	0.384948	15.139400
6.000000	3.528000	0.460207	15.493580
6.200000	3.505000	-3.098548	16.795470
6.400000	3.491000	1.331329	12.448800
6.600000	3.546000	-1.711246	25.100140
6.800000	3.529000	-1.036466	33.470260
7.000000	3.506000	1.343441	36.157150
7.200000	3.490000	-3.428983	10.930660
7.400000	3.546000	-2.245854	10.267900
7.600000	3.530000	-2.301124	14.651240
7.800000	3.509000	1.385914	15.663150
8.000000	3.485000	1.684952	12.364670
8.200000	3.545000	1.225423	15.952860
8.400000	3.550000	-0.931351	21.682080
8.600000	3.509000	-2.326257	36.628160
8.800000	3.526000	5.260025	32.318200
9.000000	3.541000	-2.376540	27.595410
9.200000	3.548000	-2.379494	10.595310
9.400000	3.504000	2.109932	22.563290
9.600000	3.521000	-0.416280	18.353830
9.800000	3.537000	-3.825982	18.749750
10.000000	3.546000	-2.275545	19.527570
10.200000	3.532000	-2.282279	29.660470
10.400000	3.543000	-0.584835	20.436310
10.600000	3.543000	-0.900875	29.471940
10.800000	3.533000	3.438898	12.817780
11.000000	3.526000	-0.960723	19.080950
11.200000	3.538000	-4.263914	28.845480
11.400000	3.541000	-0.296336	15.252830
11.600000	3.532000	3.279686	12.743670
11.800000	3.521000	0.961534	14.579220
12.000000	3.535000	-4.260080	16.954970
12.200000	3.539000	4.463605	24.028060
12.400000	3.531000	-1.631512	14.761210
12.600000	3.537000	4.142746	8.935783
12.800000	3.532000	0.899500	18.477400
13.000000	3.518000	-2.056683	18.412830
13.200000	3.497000	2.642090	25.783570
13.400000	3.535000	3.074843	24.576960
13.600000	3.531000	-2.237819	17.245490
13.800000	3.518000	-1.614815	19.360180
14.000000	3.496000	1.857826	27.112780
14.200000	3.532000	2.679130	19.466080
14.400000	3.529000	-3.843555	12.525340
14.600000	3.517000	-1.986462	13.712700
14.800000	3.496000	3.913752	12.923220
15.000000	3.519000	-2.375824	28.123480
15.200000	3.500000	0.669868	25.584150
15.400000	3.478000	3.948653	12.139830
15.600000	3.464000	-2.583392	17.709950
15.800000	3.520000	-1.360873	26.258870
16.000000	3.501000	3.364379	15.526490
16.200000	3.478000	3.797824	13.770770
16.400000	3.463000	-4.214556	16.379750
16.600000	3.460000	-1.205005	13.852290
16.800000	3.501000	-2.783852	14.664440
17.000000	3.478000	-0.942964	21.467960
17.200000	3.463000	0.246269	31.273110
17.400000	3.458000	3.689076	22.311150
17.600000	3.464000	-4.320037	15.330680
17.800000	3.456000	2.858271	21.228970
18.000000	3.458000	-2.617348	14.223050
18.200000	3.465000	-3.026331	15.112420
18.400000	3.462000	5.788407	27.509230
18.600000	3.454000	1.513155	23.360040
18.800000	3.455000	-2.237259	15.186680
19.000000	3.462000	-2.146778	11.793980
19.200000	3.462000	-2.843680	17.554540
19.400000	3.453000	-2.381365	20.160160
19.600000	3.453000	1.150486	10.122700
19.800000	3.459000	-2.291815	12.315850
20.000000	3.451000	-1.825288	13.939540
20.200000	3.456000	-2.286512	13.474090
20.400000	3.465000	2.321285	14.217000
20.600000	3.480000	-3.634433	19.850430
20.800000	3.449000	1.721220	22.663750
21.000000	3.453000	-3.251933	19.333640
21.200000	3.462000	-0.160175	18.054250
21.400000	3.476000	3.626815	20.914140
21.600000	3.447000	-3.266373	19.804120
21.800000	3.451000	4.429141	17.485100
22.000000	3.459000	-3.275911	6.787822
22.200000	3.473000	-1.252264	13.137360
22.400000	3.455000	-0.696087	12.223590
22.600000	3.468000	-1.476667	26.947550
22.800000	3.484000	0.090174	19.977890
23.000000	3.501000	-2.165168	22.477210
23.200000	3.452000	0.806794	16.800290
23.400000	3.464000	2.078810	18.103250
23.600000	3.479000	-1.756087	15.174210
23.800000	3.496000	4.678279	14.326570
24.000000	3.449000	-1.040936	23.687180
24.200000	3.459000	-1.614506	27.924740
24.400000	3.474000	3.329643	13.000260
24.600000	3.492000	-3.144056	19.387480
24.800000	3.469000	2.505972	35.323940
25.000000	3.486000	-2.895826	19.189300
25.200000	3.500000	0.419152	16.910870
25.400000	3.504000	2.613750	27.481020
25.600000	3.464000	-3.423439	13.801690
25.800000	3.481000	2.486155	12.972460
26.000000	3.497000	-1.547925	17.410710
26.200000	3.503000	3.239126	18.110320
26.400000	3.460000	-3.232632	17.655610
26.600000	3.477000	0.826612	19.158390
26.800000	3.493000	1.555994	15.764330
27.000000	3.500000	2.715566	9.736652
27.200000	3.488000	2.677387	15.237820
27.400000	3.498000	-0.439664	21.197990
27.600000	3.497000	-3.125002	21.729950
27.800000	3.486000	-0.938841	16.637530
28.000000	3.486000	2.839298	15.133020
28.200000	3.496000	-1.318106	19.460860
28.400000	3.495000	1.152207	9.451819
28.600000	3.484000	1.216900	18.895390
28.800000	3.482000	-0.579865	20.484110
29.000000	3.493000	1.956994	17.379860
29.200000	3.494000	-2.947909	17.341780
29.400000	3.485000	2.203812	16.128300
29.600000	3.493000	-1.995072	28.577230
29.800000	3.487000	-2.966461	13.480600
30.000000	3.471000	2.940638	16.798480
30.200000	3.449000	-3.581918	23.756070
30.400000	3.492000	3.088694	19.456150
30.600000	3.486000	-2.956422	18.090620
30.800000	3.471000	2.999690	12.980570
31.000000	3.448000	-2.657250	15.975390
31.200000	3.430000	-2.108598	25.957800
31.400000	3.484000	0.945190	18.600700
31.600000	3.469000	-3.309729	14.946850
31.800000	3.447000	-0.594122	13.094840
32.000000	3.428000	3.306148	13.761100
32.200000	3.450000	-3.746118	13.134870
32.400000	3.430000	3.483495	27.978840
32.600000	3.420000	-2.245634	20.724640
32.800000	3.420000	4.400585	16.878850
33.000000	3.449000	1.004445	17.250400
33.200000	3.429000	-2.056118	18.661440
33.400000	3.418000	2.487120	10.709940
33.600000	3.417000	1.492628	17.280830
33.800000	3.450000	-1.885410	22.900270
34.000000	3.428000	1.542745	13.825400
34.200000	3.417000	4.339853	18.841710
34.400000	3.416000	-1.523226	18.553400
34.600000	3.418000	1.280716	12.349190
34.800000	3.414000	1.518647	11.686390
35.000000	3.417000	1.303060	14.095100
35.200000	3.424000	2.864192	19.436180
35.400000	3.417000	-0.534570	11.836870
35.600000	3.411000	2.459753	15.348380
35.800000	3.414000	-3.145734	16.367850
36.000000	3.421000	4.721304	11.875620
36.200000	3.416000	1.070024	22.993120
36.400000	3.409000	3.542237	26.260180
36.600000	3.411000	-0.836148	21.306060
36.800000	3.418000	0.853303	14.290710
37.000000	3.409000	3.310777	18.767760
37.200000	3.415000	-3.329659	19.047910
37.400000	3.425000	2.226102	11.662710
37.600000	3.440000	-3.226335	14.574850
37.800000	3.408000	2.604742	26.008200
38.000000	3.412000	2.890860	21.521060
38.200000	3.422000	1.476170	36.827080
38.400000	3.437000	-1.323891	16.844130
38.600000	3.405000	-1.216721	12.274870
38.800000	3.410000	-2.941045	29.163040
39.000000	3.420000	-1.997643	23.034840
39.200000	3.435000	2.223299	9.257592
39.400000	3.416000	-4.755175	19.498110
39.600000	3.429000	3.862810	13.063250
39.800000	3.446000	-4.099799	14.302510
40.000000	3.461000	1.689084	13.491460
40.200000	3.412000	-1.200431	29.567140
40.400000	3.425000	0.305580	29.895690
40.600000	3.442000	2.915111	19.441300
40.800000	3.457000	-3.047500	25.911430
41.000000	3.409000	1.823113	16.564530
41.200000	3.421000	3.458429	10.366680
41.400000	3.437000	-2.579112	11.597330
41.600000	3.454000	1.870296	22.156450
41.800000	3.432000	3.657749	5.854211
42.000000	3.449000	-1.944179	13.348770
42.200000	3.461000	4.376990	18.041030
42.400000	3.460000	0.307775	13.129130
42.600000	3.430000	-2.191801	21.673830
42.800000	3.446000	1.109912	16.152410
43.000000	3.458000	-2.115567	21.833070
43.200000	3.458000	-3.688312	17.879390
43.400000	3.426000	2.230066	16.533980
43.600000	3.443000	-5.585225	17.626710
43.800000	3.455000	-1.049183	16.991870
44.000000	3.457000	2.871622	16.968330
44.200000	3.452000	-1.664364	11.773600
44.400000	3.456000	3.904515	7.462721
44.600000	3.449000	-3.229971	11.379190
44.800000	3.433000	2.514843	12.122650
45.000000	3.449000	1.988472	9.138182
45.200000	3.455000	2.315757	8.560767
45.400000	3.448000	-2.675686	9.568271
45.600000	3.434000	0.325280	10.900750
45.800000	3.445000	2.505999	9.448248
46.000000	3.452000	0.372989	13.468820
46.200000	3.448000	-2.242922	22.651890
46.400000	3.434000	3.240148	24.399290
46.600000	3.449000	1.861145	16.775400
46.800000	3.437000	-2.120520	8.662706
47.000000	3.418000	3.364185	16.635280
47.200000	3.396000	-3.428645	18.385040
47.400000	3.447000	1.776921	13.675320
47.600000	3.436000	-0.195259	10.691350
47.800000	3.416000	-3.241831	8.443289
48.000000	3.394000	4.306268	8.018883
48.200000	3.445000	-2.287757	10.143150
48.400000	3.434000	-2.809258	11.631200
48.600000	3.414000	3.326757	8.020639
48.800000	3.392000	4.502703	12.545370
49.000000	3.379000	3.463379	9.729777
49.200000	3.394000	1.588938	9.863870
49.400000	3.380000	-0.844708	11.051800
49.600000	3.378000	4.898432	9.108248
49.800000	3.381000	5.782117	8.223693
50.000000	3.394000	0.981273	9.104472
50.200000	3.379000	7.430629	8.766475
50.400000	3.376000	8.164072	8.127173
50.600000	3.380000	2.660396	8.295496
50.800000	3.392000	3.619192	10.554030
51.000000	3.377000	10.900650	7.934653
51.200000	3.374000	5.026551	11.552450
51.400000	3.378000	10.391480	10.081160
51.600000	3.373000	5.513398	11.133770
51.800000	3.376000	8.446914	8.175531
52.000000	3.384000	10.360160	12.458970
52.200000	3.397000	10.223190	14.317350
52.400000	3.371000	16.038230	14.074870
52.600000	3.374000	11.151290	9.857518
52.800000	3.381000	21.568310	6.675013
53.000000	3.395000	15.576870	9.616931
53.200000	3.369000	21.108510	7.783320
53.400000	3.372000	24.899600	9.062934
53.600000	3.380000	21.733910	6.495874
53.800000	3.394000	30.264160	8.712816
54.000000	3.377000	28.756590	8.674644
54.200000	3.389000	35.467320	8.121271
54.400000	3.406000	39.623010	11.950570
54.600000	3.422000	50.703670	7.996660
54.800000	3.375000	50.163690	6.061175
55.000000	3.387000	67.677080	7.276796
55.200000	3.403000	70.061980	12.505540
55.400000	3.420000	88.467140	9.719122
55.600000	3.373000	102.919700	12.822250
55.800000	3.385000	121.541300	9.955706
56.000000	3.402000	140.518300	6.475211
56.200000	3.419000	144.516100	6.572058
56.400000	3.398000	163.072100	11.076110
56.600000	3.415000	183.917400	9.905508
56.800000	3.425000	193.261700	8.416769
57.000000	3.424000	213.241700	9.689071
57.200000	3.397000	225.461800	10.446130
57.400000	3.413000	250.002400	8.523553
57.600000	3.424000	273.378900	10.907590
57.800000	3.422000	294.831200	16.368740
58.000000	3.394000	313.343600	7.763712
58.200000	3.411000	348.936900	9.562214
58.400000	3.422000	381.238400	8.803991
58.600000	3.420000	411.595400	14.449390
58.800000	3.418000	439.501000	10.238530
59.000000	3.419000	466.476400	10.841060
59.200000	3.411000	524.077100	12.407000
59.400000	3.392000	556.898000	12.098260
59.600000	3.418000	601.858100	8.051801
59.800000	3.419000	642.126000	8.489460
60.000000	3.410000	696.503200	14.766410
60.200000	3.391000	749.147400	8.588379
60.400000	3.415000	795.289700	11.046160
60.600000	3.417000	856.423900	11.419620
60.800000	3.408000	929.757000	11.427180
61.000000	3.390000	998.367900	9.453895
61.000000	3.410000	994.764200	8.083365
60.800000	3.393000	922.585300	11.032040
60.600000	3.370000	855.783600	13.727790
60.400000	3.354000	795.869200	7.688426
60.200000	3.408000	750.048200	7.446274
60.000000	3.391000	691.461100	8.541100
59.800000	3.368000	645.112500	10.515060
59.600000	3.351000	593.364300	9.866730
59.400000	3.406000	561.564600	10.318890
59.200000	3.389000	523.817900	4.437934
59.000000	3.366000	460.959600	10.720420
58.800000	3.350000	431.350200	9.935225
58.600000	3.370000	404.361300	8.441498
58.400000	3.352000	383.757100	9.461058
58.200000	3.345000	339.417400	8.101580
58.000000	3.346000	320.197200	7.367342
57.800000	3.369000	288.636800	8.624487
57.600000	3.350000	274.483500	8.574118
57.400000	3.343000	245.366000	9.206472
57.200000	3.345000	223.300900	8.072257
57.000000	3.377000	209.653200	10.517770
56.800000	3.343000	190.860800	6.540571
56.600000	3.348000	181.789600	5.272889
56.400000	3.357000	158.078100	9.877506
56.200000	3.401000	144.584600	6.181486
56.000000	3.406000	132.230100	11.308650
55.800000	3.366000	120.303000	6.824723
55.600000	3.383000	101.471600	10.298950
55.400000	3.398000	80.592450	11.768420
55.200000	3.405000	77.301140	10.036670
55.000000	3.364000	60.638370	5.216473
54.800000	3.380000	51.899390	13.058150
54.600000	3.396000	49.720140	7.545796
54.400000	3.402000	38.237800	11.469090
54.200000	3.393000	36.533230	7.816197
54.000000	3.401000	32.380260	10.240150
53.800000	3.397000	23.188400	8.762714
53.600000	3.383000	21.842240	13.195440
53.400000	3.390000	25.362450	8.090191
53.200000	3.399000	17.049550	3.715733
53.000000	3.396000	15.802130	10.257750
52.800000	3.382000	20.365080	5.674792
52.600000	3.389000	14.136230	12.199200
52.400000	3.397000	12.697950	10.792940
52.200000	3.395000	9.184497	8.788295
52.000000	3.382000	12.833730	8.485914
51.800000	3.395000	8.817861	9.517302
51.600000	3.384000	10.223290	10.778410
51.400000	3.364000	7.244921	7.480373
51.200000	3.343000	6.412255	6.105256
51.000000	3.394000	9.564788	8.366566
50.800000	3.383000	1.232770	7.720029
50.600000	3.364000	8.636667	8.992488
50.400000	3.343000	3.964875	9.106407
50.200000	3.393000	5.574199	8.569255
50.000000	3.383000	2.798326	8.673286
49.800000	3.363000	0.657426	14.703110
49.600000	3.341000	3.870266	11.389490
49.400000	3.367000	3.712428	13.049380
49.200000	3.346000	1.014091	12.355760
49.000000	3.329000	2.439484	17.685040
48.800000	3.325000	1.266254	11.677480
48.600000	3.369000	3.576082	13.660590
48.400000	3.347000	2.549567	8.821373
48.200000	3.329000	3.339200	12.348130
48.000000	3.323000	-2.759850	9.767426
47.800000	3.369000	2.102360	12.806690
47.600000	3.346000	4.443911	8.325281
47.400000	3.328000	3.318789	7.783521
47.200000	3.321000	-2.150100	10.546750
47.000000	3.330000	3.225679	11.310430
46.800000	3.321000	-2.942233	10.678130
46.600000	3.322000	1.949455	10.238480
46.400000	3.327000	0.367175	10.940220
46.200000	3.329000	-2.164048	8.603795
46.000000	3.319000	3.815751	10.066110
45.800000	3.319000	-3.209928	15.530280
45.600000	3.325000	-3.137317	13.484600
45.400000	3.330000	0.478689	11.707550
45.200000	3.318000	-3.681246	7.955279
45.000000	3.317000	1.593903	8.404307
44.800000	3.322000	1.505953	7.715354
44.600000	3.331000	0.728203	10.046280
44.400000	3.319000	-2.291276	10.208410
44.200000	3.327000	-3.855919	8.246885
44.000000	3.339000	-0.319182	7.569024
43.800000	3.356000	0.995268	9.065181
43.600000	3.317000	-0.586665	7.892708
43.400000	3.323000	0.400478	7.044241
43.200000	3.336000	-1.356752	9.438688
43.000000	3.352000	-3.016458	9.324853
42.800000	3.314000	2.486802	6.526938
42.600000	3.320000	4.518234	5.785450
42.400000	3.332000	-1.033043	7.587598
42.200000	3.348000	-4.195453	10.307530
42.000000	3.328000	-1.816719	10.219030
41.800000	3.344000	1.922146	7.468298
41.600000	3.362000	-2.730835	5.660103
41.400000	3.372000	0.303110	10.192130
41.200000	3.326000	-2.327673	11.035340
41.000000	3.341000	1.566751	5.249244
40.800000	3.358000	1.910582	9.287014
40.600000	3.369000	2.868576	8.992157
40.400000	3.322000	0.562204	7.427404
40.200000	3.337000	-0.849696	7.925826
40.000000	3.354000	2.961555	8.506795
39.800000	3.367000	1.399990	6.723875
39.600000	3.350000	-3.071257	9.347024
39.400000	3.364000	3.805446	9.162514
39.200000	3.369000	-2.197053	6.966673
39.000000	3.362000	1.285142	8.487773
38.800000	3.348000	2.803023	9.939375
38.600000	3.363000	-1.721025	11.564060
38.400000	3.367000	2.627350	7.716126
38.200000	3.360000	-3.089614	7.889800
38.000000	3.346000	3.591657	8.237268
37.800000	3.360000	-1.006893	13.343510
37.600000	3.365000	2.852033	5.526206
37.400000	3.358000	2.877741	7.132192
37.200000	3.364000	3.111401	8.406405
37.000000	3.360000	1.866689	9.420932
36.800000	3.346000	-2.736319	9.184970
36.600000	3.323000	2.055331	9.794876
36.400000	3.362000	1.686290	9.603924
36.200000	3.358000	-1.926659	11.736120
36.000000	3.343000	0.769670	7.246582
35.800000	3.321000	-2.364750	14.070840
35.600000	3.361000	2.316094	7.299922
35.400000	3.356000	-2.481868	15.177680
35.200000	3.343000	1.457881	8.717044
35.000000	3.320000	0.164184	10.696600
34.800000	3.344000	1.578063	9.720330
34.600000	3.323000	3.213909	7.112001
34.400000	3.304000	1.818153	15.482440
34.200000	3.294000	-1.463507	9.595387
34.000000	3.344000	-1.581206	7.447426
33.800000	3.324000	0.045866	14.439190
33.600000	3.303000	-2.695820	8.702671
33.400000	3.292000	1.990843	8.473464
33.200000	3.344000	-3.377462	10.074910
33.000000	3.325000	4.281734	7.005938
32.800000	3.303000	-2.032481	8.695971
32.600000	3.292000	3.558779	6.848043
32.400000	3.307000	-4.229120	13.779820
32.200000	3.292000	2.207637	9.117844
32.000000	3.289000	0.381534	9.753779
31.800000	3.292000	-2.931388	10.815870
31.600000	3.306000	4.755584	4.503247
31.400000	3.291000	-2.836170	11.067570
31.200000	3.287000	3.569691	8.955706
31.000000	3.290000	-4.450646	5.317803
30.800000	3.297000	3.494195	9.298362
30.600000	3.289000	-1.511107	11.351020
30.400000	3.285000	3.636475	6.477380
30.200000	3.288000	-3.769174	10.510080
30.000000	3.295000	3.810188	8.500671
29.800000	3.286000	-3.201987	12.272910
29.600000	3.292000	3.482406	12.567940
29.400000	3.304000	0.067110	11.859880
29.200000	3.320000	-1.738723	7.029110
29.000000	3.285000	1.315402	7.726549
28.800000	3.291000	3.139912	10.153240
28.600000	3.302000	-2.062529	7.382901
28.400000	3.338000	1.996459	8.290379
28.200000	3.320000	4.445703	10.454900
28.000000	3.298000	-2.019869	8.204051
27.800000	3.324000	-2.978608	7.646965
27.600000	3.303000	1.221550	7.577616
27.400000	3.286000	2.313463	8.134813
27.200000	3.279000	3.910735	6.861606
27.000000	3.325000	0.543394	7.085634
26.800000	3.304000	-1.146745	10.002610
26.600000	3.285000	3.783553	6.929419
26.400000	3.277000	1.820182	11.722010
26.200000	3.288000	-1.237016	12.958280
26.000000	3.277000	-2.332671	15.860390
25.800000	3.276000	1.049717	22.212180
25.600000	3.282000	0.087284	11.243930
25.400000	3.292000	3.941181	6.683520
25.200000	3.275000	3.564448	10.334530
25.000000	3.274000	3.715680	6.876607
24.800000	3.279000	-2.227729	12.895920
24.600000	3.288000	-3.727298	9.034718
24.400000	3.276000	3.190661	17.968800
24.200000	3.285000	-4.379005	14.791210
24.000000	3.299000	2.481747	21.689640
23.800000	3.316000	-2.558696	20.177100
23.600000	3.275000	-2.855019	21.161230
23.400000	3.283000	4.043126	16.287770
23.200000	3.296000	0.064054	20.383250
23.000000	3.312000	1.843293	16.436270
22.800000	3.273000	-2.368793	20.305900
22.600000	3.280000	-2.058890	16.315560
22.400000	3.293000	3.733696	16.425070
22.200000	3.310000	-3.428239	19.529610
22.000000	3.289000	3.977763	21.317980
21.800000	3.305000	1.357960	26.777730
21.600000	3.321000	3.844128	25.894150
21.400000	3.330000	-2.409401	13.403490
21.200000	3.286000	-2.772929	20.741190
21.000000	3.302000	-2.742237	20.289130
20.800000	3.319000	4.368736	15.792190
20.600000	3.328000	-1.441625	12.357140
20.400000	3.283000	-0.588028	14.972930
20.200000	3.299000	1.082741	30.042320
20.000000	3.316000	3.941471	23.483680
19.800000	3.327000	-3.096299	21.126210
19.600000	3.311000	-0.475003	16.302330
19.400000	3.324000	-1.390200	34.972550
19.200000	3.326000	-3.192353	13.975020
19.000000	3.318000	-2.483412	12.556160
18.800000	3.308000	2.683756	28.825700
18.600000	3.321000	-1.280264	28.825370
18.400000	3.326000	0.543083	19.292020
18.200000	3.319000	3.343380	17.680850
18.000000	3.305000	-1.768860	26.176390
17.800000	3.318000	4.578493	21.604210
17.600000	3.324000	1.234774	17.338550
17.400000	3.318000	-2.148409	15.881470
17.200000	3.304000	0.765482	9.627521
17.000000	3.319000	-2.247542	10.659620
16.800000	3.307000	5.030662	14.541160
16.600000	3.288000	-0.132568	23.566650
16.400000	3.267000	-3.739660	24.497500
16.200000	3.319000	-3.888018	23.607560
16.000000	3.308000	-1.804156	11.402320
15.800000	3.289000	-3.157818	17.553090
15.600000	3.268000	4.060065	16.236340
15.400000	3.318000	-2.724491	13.717230
15.200000	3.308000	1.430825	12.857940
15.000000	3.290000	3.495763	19.374310
14.800000	3.268000	1.867465	24.977270
14.600000	3.295000	2.636040	15.757920
14.400000	3.273000	-2.218489	8.505989
14.200000	3.256000	2.474970	9.563851
14.000000	3.252000	2.835193	22.397990
13.800000	3.296000	2.726774	18.793730
13.600000	3.274000	0.091395	14.385800
13.400000	3.257000	3.584342	17.321520
13.200000	3.250000	2.845308	15.465330
13.000000	3.297000	-3.318384	18.657520
12.800000	3.277000	0.877252	16.293370
12.600000	3.258000	5.228421	13.485550
12.400000	3.249000	-4.417523	13.004960
12.200000	3.261000	-0.134186	13.527640
12.000000	3.249000	-0.477502	12.856140
11.800000	3.247000	-3.052912	14.242680
11.600000	3.251000	3.903646	10.055030
11.400000	3.260000	4.168384	18.340080
11.200000	3.248000	-3.405172	23.561180
