#p 4E-6
#d 3.5
1600 3.361 3.237 3.249 3.146 3.888 2.830 3.547 4.801 3.819
1703 9.061 7.710 7.673 6.638 5.758 7.055 7.981 10.216 6.564 11.134
1795 26.56 36.40 37.57 37.16 39.61 38.53 36.50 23.21 
1904 141.13 43.13 68.67 61.41 44.01 71.77 70.11 46.61 40.85 44.49 
2100 88.19 87.49 74.53 92.35 103.67 104.78 97.17 100.01 93.73 129.84 
2300 966.0 934.0 826.6 815.0 1436.4 1329.4 1171.4 968.1 1040.8 
2500 5560 5065 5437 5193 4746 4538 5504 5239 5875 5329 
2702 7676 7484 7276 7741 7536 7635 7879 7245 7650 7129
2956 15601 17555 16953 16547 15015 15660 17985 17684 16082
