#p 1E-6
#d 4
# hv [V] i1 i2 i3 ... [nA]
1505 0.0734 0.0795 0.0756 0.0825 0.0800 0.0710 0.0646 0.0709 0.0804 0.0756
1599 0.2817 0.2849 0.2987 0.3346 0.3139 0.31302 0.2871 0.3081 0.3552 0.3408 
1697 1.9378 1.5558 1.3007 2.775 2.659 2.502 2.489 2.513 2.333 3.607 3.450 3.561 3.402 3.552 
1797 4.344 4.107 3.827 3.727 3.670 3.757 3.455 3.292 3.671 3.868 
1900 12.800 8.723 8.185 8.734 5.396 8.499 8.424 14.092 16.223 15.425 15.948 7.629 
1998 27.11 46.98 39.56 40.13 40.25 39.66 36.80 52.21 67.25 61.20 70.11 
2200 246.2 137.69 130.96 100.83 115.61 238.3 191.8 132.41 138.13 
2406 1560.7 1825.7 1020.3 2297 1010.3 1905.6 836.5 
2604 3841 3596 3630 3641 3638 3353 2929 2812 2972 3417 3263 
