#lab INRiM
#hv keithley6487
#s PECVD_FE_INRIM_001
#t 2.7 
#d 0.5
#N 20
#dbm 1
#
#Voltage	Temperature	Current	SD
#V	K	pA	pA
170.000000	3.017000	1.803318	48.999240
170.100000	3.012000	1.049428	47.573520
170.200000	3.000000	0.389263	45.132290
170.300000	2.985000	0.468451	42.258380
170.400000	2.973000	0.314203	41.071900
170.500000	2.964000	0.198651	38.633300
170.600000	2.959000	0.429269	38.840720
170.700000	3.012000	-0.219107	39.219370
170.800000	3.017000	-0.367640	37.817250
170.900000	3.014000	-0.342145	36.606220
171.000000	3.004000	-0.731964	35.380330
171.100000	2.990000	-0.623399	33.864850
171.200000	2.977000	0.005039	31.899250
171.300000	2.967000	-0.351222	31.854850
171.400000	2.961000	-0.199050	30.829650
171.500000	2.958000	0.063029	30.462920
171.600000	2.958000	-0.063903	30.586530
171.700000	3.016000	-0.227347	29.407760
171.800000	3.008000	-0.505215	27.264710
171.900000	3.016000	-0.266117	26.012550
172.000000	3.009000	-0.271571	26.068240
172.100000	2.996000	-0.360824	24.328440
172.200000	2.982000	-0.524125	23.732770
172.300000	2.970000	-0.154093	23.553500
172.400000	2.962000	-0.202900	23.454310
172.500000	2.958000	-0.386737	22.763490
172.600000	2.958000	-0.506315	22.018520
172.700000	2.963000	-0.319717	21.918240
172.800000	3.012000	-0.392626	21.118230
172.900000	2.999000	-0.478625	20.157420
173.000000	2.984000	-0.155781	19.637990
173.100000	2.971000	-0.349352	20.310960
173.200000	2.963000	-0.492619	19.269220
173.300000	2.958000	-0.247794	17.928040
173.400000	2.957000	-0.370374	17.349810
173.500000	2.962000	-0.589203	17.017830
173.600000	2.957000	-0.419730	16.758040
173.700000	2.962000	-0.479776	15.779080
173.800000	2.976000	-0.479243	15.040760
173.900000	2.994000	-0.554083	14.650540
174.000000	3.008000	-0.515212	13.471910
174.100000	2.973000	-0.640518	13.498470
174.200000	2.964000	-0.566487	13.876480
174.300000	2.959000	-0.456716	14.490660
174.400000	2.957000	-0.576846	13.310060
174.500000	2.960000	-0.756338	13.153920
174.600000	2.972000	-0.510266	13.407380
174.700000	2.990000	-0.600805	13.199940
174.800000	2.971000	-0.825032	12.349790
174.900000	2.989000	-0.532077	12.969500
175.000000	3.005000	-0.608276	12.522300
175.100000	3.014000	-0.807023	11.503320
175.200000	3.016000	-0.648326	11.565220
175.300000	2.960000	-0.838796	11.720250
175.400000	2.957000	-0.912233	11.599100
175.500000	2.958000	-0.600367	10.407570
175.600000	2.969000	-0.768989	10.527510
175.700000	2.958000	-0.829286	10.586950
175.800000	2.968000	-0.852620	10.252100
175.900000	2.985000	-0.853994	9.891444
176.000000	3.001000	-0.995910	9.843269
176.100000	3.012000	-0.908968	9.833067
176.200000	3.016000	-0.754522	9.329424
176.300000	3.014000	-0.716121	9.785804
176.400000	3.003000	-0.996273	10.111710
176.500000	2.990000	-1.241837	8.953062
176.600000	3.005000	-0.993605	9.583397
176.700000	2.990000	-0.948339	9.982322
176.800000	3.005000	-1.043920	9.048815
176.900000	2.958000	-1.260655	9.064213
177.000000	2.963000	-1.154649	10.399210
177.100000	2.978000	-1.090560	9.775487
177.200000	2.996000	-1.201990	8.901651
177.300000	3.009000	-1.061475	9.245090
177.400000	3.016000	-1.083618	8.887535
177.500000	3.015000	-1.430689	8.365923
177.600000	3.006000	-1.413717	8.921718
177.700000	2.993000	-1.273513	9.599238
177.800000	2.979000	-1.419869	9.214419
177.900000	2.993000	-1.515103	9.634526
178.000000	2.979000	-1.418728	9.374721
178.100000	2.969000	-1.442123	8.654340
178.200000	2.980000	-1.487128	9.636980
178.300000	2.969000	-1.507302	8.685714
178.400000	2.962000	-1.474004	8.325126
178.500000	2.958000	-1.491882	7.557432
178.600000	2.991000	-1.665758	6.768487
178.700000	3.006000	-1.502762	6.488695
178.800000	3.015000	-1.858534	7.163432
178.900000	3.006000	-1.889454	6.304241
179.000000	3.014000	-1.651503	5.516830
179.100000	3.016000	-2.059319	6.920982
179.200000	3.010000	-1.982801	7.141708
179.300000	2.997000	-1.536095	6.385344
179.400000	2.983000	-1.972147	6.542845
179.500000	2.999000	-2.134345	5.768907
179.600000	2.984000	-1.676841	4.950106
179.700000	2.972000	-1.847211	5.562498
179.800000	2.964000	-2.257481	4.737492
179.900000	2.959000	-1.980390	3.782118
180.000000	2.957000	-2.154415	4.551627
180.100000	2.962000	-2.345870	3.863659
180.200000	3.013000	-2.280785	3.431835
180.300000	3.002000	-2.548127	4.236523
180.400000	2.988000	-2.295235	4.213371
180.500000	2.975000	-2.254626	4.667458
180.600000	2.966000	-2.487433	4.282957
180.700000	2.960000	-2.624680	3.387274
180.800000	2.966000	-2.489862	4.538273
180.900000	2.959000	-2.515101	3.953120
181.000000	2.957000	-2.897989	2.693374
181.100000	2.959000	-2.592380	2.477373
181.200000	2.969000	-2.662650	2.436038
181.300000	3.006000	-2.804315	2.232844
181.400000	2.993000	-2.811042	2.775672
181.500000	2.978000	-3.068319	2.718423
181.600000	2.968000	-2.950834	2.332711
181.700000	2.961000	-3.065359	3.746648
181.800000	2.957000	-3.247126	3.081654
181.900000	2.958000	-3.397812	3.805910
182.000000	2.965000	-3.471945	4.404574
182.100000	2.981000	-3.388924	4.563107
182.200000	2.998000	-3.675388	5.939268
182.300000	3.010000	-3.508879	5.226660
182.400000	3.016000	-3.564913	5.489984
182.500000	2.962000	-3.922056	5.543657
182.600000	2.971000	-3.716317	5.615449
182.700000	2.963000	-4.044213	6.075275
182.800000	2.958000	-4.041088	5.034275
182.900000	2.957000	-4.007254	5.440784
183.000000	2.962000	-3.855182	4.461652
183.100000	2.975000	-4.215435	4.516817
183.200000	2.992000	-4.505975	3.369243
183.300000	3.007000	-4.273499	4.532287
183.400000	2.992000	-4.436714	4.753357
183.500000	3.007000	-4.514602	3.349349
183.600000	3.015000	-4.475771	3.695871
183.700000	3.016000	-4.486438	3.361183
183.800000	2.959000	-4.848935	3.278995
183.900000	2.958000	-4.739284	3.356178
184.000000	2.961000	-4.780196	2.315361
184.100000	2.972000	-5.085262	3.577729
184.200000	2.990000	-5.213847	3.087112
184.300000	3.006000	-4.998630	4.309771
184.400000	3.014000	-5.243125	4.445498
184.500000	3.016000	-5.515712	5.354826
184.600000	3.010000	-5.692033	5.122161
184.700000	2.998000	-5.480214	4.304763
184.800000	2.983000	-5.732648	4.256014
184.900000	2.969000	-5.564534	3.533437
185.000000	2.986000	-5.903013	3.824618
185.100000	3.002000	-6.090474	3.432112
185.200000	3.012000	-5.982106	4.966384
185.300000	3.016000	-6.253444	4.398447
185.400000	3.012000	-6.337271	4.906628
185.500000	3.002000	-6.428635	5.438870
185.600000	2.987000	-6.267517	4.871115
185.700000	2.975000	-6.520139	5.686783
185.800000	2.965000	-6.731861	4.123631
185.900000	2.998000	-6.771059	5.096749
186.000000	3.011000	-6.831505	4.178317
186.100000	3.016000	-7.056237	5.414347
186.200000	3.014000	-7.107408	4.589568
186.300000	3.005000	-7.247046	6.050243
186.400000	3.014000	-7.512867	6.060015
186.500000	3.005000	-7.871080	8.150596
186.600000	3.015000	-8.004752	6.329666
186.700000	3.005000	-8.294305	7.082566
186.800000	2.991000	-8.428477	6.087958
186.900000	2.977000	-8.340670	7.392489
187.000000	2.967000	-8.498440	6.486828
187.100000	2.961000	-8.753177	6.995276
187.200000	2.957000	-8.664116	6.252719
187.300000	2.958000	-8.127483	6.759534
187.400000	2.957000	-8.472761	4.926399
187.500000	3.015000	-8.595173	6.828569
187.600000	3.015000	-9.030519	4.685492
187.700000	3.015000	-9.327153	5.512276
187.800000	3.016000	-9.587640	4.493132
187.900000	3.008000	-9.934885	5.532371
188.000000	2.994000	-9.737040	5.408273
188.100000	2.980000	-9.543131	6.047146
188.200000	2.969000	-9.940027	4.805665
188.300000	2.962000	-10.306180	4.954792
188.400000	2.958000	-9.757925	3.567119
188.500000	2.957000	-10.580700	5.583711
188.600000	2.963000	-11.162360	6.214885
188.700000	2.957000	-11.013380	6.135210
188.800000	2.962000	-10.648700	5.183786
188.900000	3.012000	-11.563510	4.604570
189.000000	3.001000	-11.770650	5.060913
189.100000	2.986000	-11.419170	4.282336
189.200000	3.002000	-11.237210	5.534971
189.300000	2.987000	-11.812970	5.195169
189.400000	2.975000	-12.425220	5.799123
189.500000	2.965000	-12.521680	3.797537
189.600000	2.959000	-12.607750	3.700320
189.700000	2.956000	-12.682430	3.590517
189.800000	2.960000	-13.130600	4.039467
189.900000	2.971000	-13.229330	4.121571
190.000000	2.990000	-13.317100	3.583569
190.100000	2.972000	-13.551720	4.814033
190.200000	2.990000	-13.994280	4.082456
190.300000	3.006000	-14.417010	5.123798
190.400000	2.975000	-14.358570	3.812155
190.500000	2.965000	-14.875180	3.460980
190.600000	2.959000	-14.835230	4.157347
190.700000	2.965000	-14.896540	3.208370
190.800000	2.959000	-15.195500	3.711516
190.900000	2.957000	-15.709170	3.698917
191.000000	2.960000	-16.015730	4.158139
191.100000	2.957000	-16.130210	3.134499
191.200000	2.960000	-16.640690	3.758220
191.300000	2.971000	-16.616950	4.425161
191.400000	2.989000	-16.528360	3.380593
191.500000	3.005000	-17.301540	4.347227
191.600000	3.014000	-17.825110	3.320218
191.700000	3.016000	-17.756230	3.024604
191.800000	3.009000	-17.712830	3.663478
191.900000	2.997000	-18.198990	3.766134
192.000000	2.959000	-18.648360	4.766488
192.100000	2.971000	-19.209600	3.425263
192.200000	2.960000	-19.316330	3.807363
192.300000	2.971000	-19.332010	4.256462
192.400000	2.989000	-19.629970	3.155740
192.500000	3.005000	-20.142810	3.223171
192.600000	3.014000	-20.450480	3.521386
192.700000	3.005000	-20.599390	2.389865
192.800000	3.014000	-21.117650	3.051731
192.900000	3.016000	-21.097090	4.244065
193.000000	3.010000	-21.959010	5.103189
193.100000	2.998000	-22.539630	5.951796
193.200000	2.984000	-22.297960	5.311173
193.300000	2.969000	-22.077740	4.820245
193.400000	2.987000	-23.060120	5.183016
193.500000	3.004000	-23.801020	4.091389
193.600000	3.013000	-24.001140	3.611755
193.700000	3.016000	-24.155150	3.140594
193.800000	3.011000	-24.161470	2.915289
193.900000	2.999000	-24.563590	2.874390
194.000000	2.984000	-25.537150	4.066663
194.100000	2.972000	-25.979810	3.548830
194.200000	2.963000	-25.666980	5.749074
194.300000	2.959000	-25.921310	6.122041
194.400000	3.013000	-26.082290	6.007940
194.500000	3.016000	-26.324480	6.049097
194.600000	3.012000	-27.812240	5.667208
194.700000	3.000000	-26.906700	6.076973
194.800000	2.986000	-26.554020	4.577956
194.900000	2.973000	-26.332000	4.556537
195.000000	2.987000	-27.265500	4.139934
195.000000	2.974000	-26.552760	4.390674
194.900000	2.965000	-26.365760	3.134484
194.800000	2.975000	-26.418270	3.929034
194.700000	2.965000	-25.941750	3.789256
194.600000	2.959000	-25.515670	3.023912
194.500000	2.957000	-25.357130	3.860800
194.400000	2.959000	-24.581360	4.366431
194.300000	3.014000	-24.260300	4.324030
194.200000	3.003000	-24.135710	3.820832
194.100000	2.989000	-23.608560	3.734801
194.000000	2.976000	-23.288940	3.810690
193.900000	2.966000	-23.158530	4.458454
193.800000	2.960000	-22.444790	4.414237
193.700000	2.957000	-21.824080	4.000596
193.600000	2.959000	-21.791090	4.741071
193.500000	2.969000	-21.570840	2.513814
193.400000	2.986000	-21.216830	3.122136
193.300000	3.003000	-20.960330	4.187842
193.200000	2.979000	-20.637980	4.044922
193.100000	2.968000	-19.965950	4.657042
193.000000	2.961000	-19.775680	3.646188
192.900000	2.958000	-19.677080	3.724470
192.800000	2.958000	-19.425020	4.191772
192.700000	2.966000	-19.026620	4.121085
192.600000	2.983000	-18.367640	5.061309
192.500000	3.000000	-18.347520	4.432938
192.400000	3.011000	-18.106510	4.904060
192.300000	3.016000	-17.864560	5.626544
192.200000	2.962000	-17.344200	5.674623
192.100000	2.958000	-17.276780	6.896747
192.000000	2.958000	-16.755770	4.890988
191.900000	2.964000	-16.396460	5.632964
191.800000	2.980000	-16.356200	4.292594
191.700000	2.964000	-16.414330	3.190800
191.600000	2.978000	-15.863570	3.698993
191.500000	2.996000	-15.400400	3.037732
191.400000	3.009000	-15.265240	4.086361
191.300000	3.016000	-15.093600	4.808248
191.200000	3.014000	-14.648070	5.016639
191.100000	2.958000	-14.517990	4.703435
191.000000	2.957000	-14.552550	3.808785
190.900000	2.961000	-14.079140	4.630969
190.800000	2.974000	-13.822850	3.442240
190.700000	2.993000	-13.829130	4.530825
190.600000	3.007000	-13.431720	3.427196
190.500000	3.015000	-12.979580	3.583238
190.400000	3.015000	-13.223130	3.121547
190.300000	3.008000	-13.074880	2.721393
190.200000	2.995000	-12.198290	3.566367
190.100000	3.009000	-12.192500	4.099199
190.000000	2.996000	-12.455770	4.297700
189.900000	2.960000	-11.721510	3.004634
189.800000	2.970000	-11.464360	2.883157
189.700000	2.987000	-12.019010	3.288976
189.600000	3.004000	-11.450670	3.120069
189.500000	3.013000	-11.077580	4.624488
189.400000	3.016000	-10.677560	4.303584
189.300000	3.011000	-10.889120	4.655583
189.200000	2.999000	-10.647290	3.399438
189.100000	2.985000	-10.302030	3.326394
189.000000	3.000000	-10.455330	2.295662
188.900000	2.985000	-10.020240	3.328588
188.800000	2.966000	-9.833716	2.311579
188.700000	2.982000	-9.699575	3.817426
188.600000	2.999000	-9.509712	2.376501
188.500000	3.011000	-9.305669	2.687321
188.400000	3.015000	-9.246620	2.087541
188.300000	3.013000	-9.085647	2.504947
188.200000	3.003000	-8.955582	2.421425
188.100000	2.989000	-8.843351	2.652908
188.000000	2.975000	-8.762819	2.987805
187.900000	2.990000	-8.510682	3.246603
187.800000	2.976000	-8.427566	4.056866
187.700000	2.966000	-8.064304	4.106389
187.600000	2.960000	-8.329775	3.741541
187.500000	2.957000	-7.618069	2.491820
187.400000	3.015000	-7.607224	3.683541
187.300000	3.014000	-7.745908	3.456364
187.200000	3.015000	-7.429632	4.472167
187.100000	3.015000	-7.127421	3.736840
187.000000	3.015000	-7.256193	3.791434
186.900000	3.015000	-7.081536	3.606833
186.800000	3.007000	-7.218900	3.190732
186.700000	2.993000	-6.955262	2.859719
186.600000	3.007000	-6.646400	4.134184
186.500000	2.993000	-6.416212	3.300423
186.400000	2.980000	-6.411345	4.216085
186.300000	2.969000	-6.643207	4.260761
186.200000	2.962000	-6.389398	4.386393
186.100000	2.969000	-6.188741	4.340342
186.000000	2.961000	-6.014648	4.706905
185.900000	2.957000	-5.748002	4.326539
185.800000	2.957000	-5.770203	4.813813
185.700000	2.964000	-6.003063	5.302657
185.600000	2.979000	-5.322861	3.974403
185.500000	2.964000	-5.385779	4.178285
185.400000	2.979000	-5.609520	2.789210
185.300000	2.963000	-5.197578	4.281589
185.200000	2.978000	-4.665694	4.317125
185.100000	2.998000	-4.688460	4.013425
185.000000	2.983000	-4.909059	3.172339
184.900000	2.971000	-5.074479	3.347341
184.800000	2.963000	-5.144092	4.025027
184.700000	2.972000	-4.689200	3.157414
184.600000	2.963000	-4.508947	3.188679
184.500000	2.958000	-4.655686	3.021088
184.400000	2.957000	-4.605575	3.193225
184.300000	2.962000	-4.035176	5.276679
184.200000	2.975000	-4.011190	5.349316
184.100000	2.993000	-4.733891	5.074842
184.000000	2.974000	-4.291312	4.287800
183.900000	2.992000	-3.721924	4.856371
183.800000	3.006000	-3.798227	3.726916
183.700000	3.014000	-3.537062	5.151238
183.600000	3.016000	-3.874967	4.906108
183.500000	2.959000	-3.902537	5.564392
183.400000	2.957000	-3.710980	5.363139
183.300000	2.959000	-3.689386	5.280423
183.200000	2.956000	-3.612616	5.277386
183.100000	2.958000	-3.452870	3.486802
183.000000	2.969000	-3.152577	4.972785
182.900000	2.985000	-3.308475	5.157505
182.800000	3.002000	-3.492930	5.317935
182.700000	3.012000	-2.826663	4.933459
182.600000	3.016000	-3.062309	3.685347
182.500000	3.012000	-3.084053	4.875143
182.400000	3.001000	-3.021446	4.160035
182.300000	2.986000	-2.697180	5.553122
182.200000	2.957000	-2.902969	5.450159
182.100000	2.957000	-2.919878	3.912900
182.000000	2.964000	-2.423112	3.638926
181.900000	2.979000	-2.933939	3.033623
181.800000	2.997000	-2.694883	3.739768
181.700000	3.010000	-2.399000	3.763559
181.600000	3.016000	-2.515798	3.675217
181.500000	3.014000	-2.795795	3.376956
181.400000	3.005000	-2.338901	3.439095
181.300000	2.992000	-2.311976	4.657121
181.200000	2.978000	-2.733824	5.251863
181.100000	2.975000	-2.364648	4.548278
181.000000	2.993000	-2.057208	3.864503
180.900000	2.973000	-2.274118	3.986260
180.800000	2.991000	-2.026261	5.475486
180.700000	3.005000	-1.968947	4.543200
180.600000	3.014000	-2.003903	3.823552
180.500000	3.016000	-2.283602	3.031370
180.400000	3.010000	-2.063109	3.799814
180.300000	2.997000	-1.752210	5.067423
180.200000	2.983000	-2.103873	4.739698
180.100000	2.971000	-1.985227	3.323397
180.000000	2.963000	-1.828018	2.661141
179.900000	2.958000	-1.685929	2.970463
179.800000	3.013000	-1.744240	2.849359
179.700000	3.016000	-1.985764	4.221674
179.600000	3.013000	-1.396626	3.405581
179.500000	3.002000	-1.738909	2.711084
179.400000	2.987000	-1.855992	2.222095
179.300000	2.974000	-1.477105	2.418616
179.200000	2.965000	-1.264072	3.803181
179.100000	2.975000	-1.792953	3.095241
179.000000	2.966000	-1.580085	3.516255
178.900000	2.960000	-1.306363	2.898010
178.800000	2.957000	-1.692060	2.583535
178.700000	2.958000	-1.295247	2.229673
178.600000	2.957000	-1.243085	3.013308
178.500000	3.015000	-1.372828	1.984184
178.400000	3.015000	-1.226272	2.257130
178.300000	3.008000	-1.261576	2.250161
178.200000	2.995000	-1.137216	2.399160
178.100000	2.981000	-1.260992	2.214775
178.000000	2.969000	-1.099935	2.696638
177.900000	2.962000	-1.276811	3.098904
177.800000	2.957000	-1.163140	3.904354
177.700000	2.957000	-1.032956	3.062238
177.600000	2.963000	-1.309289	3.015400
177.500000	2.977000	-0.944397	3.919200
177.400000	2.999000	-0.831928	4.372103
177.300000	2.985000	-1.162950	3.782920
177.200000	2.972000	-1.015741	2.962404
177.100000	2.964000	-0.899301	4.135985
177.000000	2.958000	-0.862723	3.123683
176.900000	2.964000	-1.143466	2.779156
176.800000	2.959000	-0.847770	3.429485
176.700000	2.956000	-0.730923	3.364411
176.600000	2.959000	-0.726292	2.883891
176.500000	2.971000	-0.697842	1.979622
176.400000	2.989000	-0.765014	2.606496
176.300000	3.005000	-1.015149	2.986825
176.200000	3.013000	-0.732404	2.470660
176.100000	3.004000	-0.612318	3.459492
176.000000	2.975000	-0.868554	3.303713
175.900000	2.966000	-0.678766	2.713541
175.800000	2.960000	-0.668082	2.274995
175.700000	2.957000	-0.816192	3.625630
175.600000	2.958000	-0.572327	3.208043
175.500000	2.967000	-0.665930	2.936790
175.400000	2.958000	-0.715035	3.338873
175.300000	2.966000	-0.722836	3.041170
175.200000	2.983000	-0.561077	2.085782
175.100000	3.000000	-0.347322	3.337180
175.000000	3.011000	-0.765548	2.909113
174.900000	3.016000	-0.362801	2.754585
174.800000	2.961000	-0.406482	1.399125
174.700000	2.958000	-0.596105	2.029456
174.600000	2.957000	-0.444898	2.626371
174.500000	2.964000	-0.307980	2.763757
174.400000	2.979000	-0.527507	2.652652
174.300000	2.996000	-0.507373	2.237585
174.200000	3.010000	-0.267528	2.155138
174.100000	3.016000	-0.658201	2.884530
174.000000	3.014000	-0.467428	3.384918
173.900000	3.006000	-0.277269	3.964449
173.800000	2.992000	-0.382855	2.225674
173.700000	2.961000	-0.541579	3.236634
173.600000	2.956000	-0.247558	3.843907
173.500000	2.960000	-0.170200	4.234964
173.400000	2.974000	-0.657449	2.813142
173.300000	2.992000	-0.232243	2.347509
173.200000	3.006000	-0.192726	2.828113
173.100000	3.014000	-0.497246	3.043616
173.000000	3.015000	-0.108003	3.307229
172.900000	3.008000	-0.070143	1.703471
172.800000	3.015000	-0.522743	2.115356
172.700000	3.008000	-0.217330	2.960660
172.600000	2.996000	-0.070715	3.591639
172.500000	2.981000	-0.378602	2.651158
172.400000	2.969000	-0.057962	1.745900
172.300000	2.990000	-0.344458	3.235970
172.200000	3.006000	-0.286652	3.769092
172.100000	3.014000	-0.010138	3.641974
172.000000	3.016000	-0.549322	2.008939
171.900000	3.009000	0.054860	2.444952
171.800000	2.996000	0.080044	3.132402
171.700000	2.981000	-0.245801	3.646330
171.600000	2.969000	-0.122501	2.305232
171.500000	2.961000	-0.137407	2.016076
171.400000	2.957000	-0.083037	2.568595
171.300000	3.014000	-0.146157	3.108398
171.200000	3.015000	-0.374169	2.785008
171.100000	3.009000	-0.168820	3.701268
171.000000	2.996000	-0.051958	2.630779
170.900000	2.981000	-0.283518	2.595914
170.800000	2.970000	-0.208367	2.018899
170.700000	2.962000	0.100935	2.689961
170.600000	2.971000	-0.066219	2.517204
170.500000	2.963000	-0.139847	1.932054
170.400000	2.958000	-0.053510	1.981325
170.300000	2.957000	-0.148454	2.261499
170.200000	3.016000	-0.063487	2.726977
170.100000	3.011000	0.114305	2.838040
170.000000	2.999000	-0.156714	2.294133
