#lab INRiM
#hv keithley6487
#s PECVD_FE_INRIM_001
#t 2.91 
#d 0.5
#N 20
#dbm 5
#
#Voltage	Current	SD
#V	pA	pA
290.000000	-0.769776	0.304327
290.100000	-0.338124	0.322955
290.200000	-1.133286	0.211484
290.300000	-1.199152	0.276177
290.400000	-1.661183	0.406127
290.500000	-0.959977	0.493157
290.600000	-2.168347	0.314248
290.700000	-0.992316	0.179574
290.800000	-1.689260	0.314734
290.900000	-1.466126	0.205821
291.000000	-0.976497	0.191835
291.100000	-1.418048	0.115601
291.200000	-1.327935	0.238171
291.300000	-1.445563	0.162736
291.400000	-1.228834	0.297670
291.500000	-1.441913	0.243628
291.600000	-1.497585	0.165241
291.700000	-1.321485	0.476014
291.800000	-1.908636	0.130655
291.900000	-1.008404	0.331934
292.000000	-1.874814	0.292833
292.100000	-0.680978	0.127923
292.200000	-2.031539	0.201877
292.300000	-1.081613	0.147812
292.400000	-1.868832	0.443176
292.500000	-1.686329	0.606034
292.600000	-1.655346	0.552991
292.700000	-1.226240	0.392560
292.800000	-1.851726	0.421230
292.900000	-1.741574	0.302175
293.000000	-1.762242	0.327790
293.100000	-1.076604	0.112626
293.200000	-1.773983	0.417931
293.300000	-1.624116	0.364374
293.400000	-1.382122	0.294442
293.500000	-1.150523	0.338373
293.600000	-1.372111	0.118421
293.700000	-1.274422	0.300723
293.800000	-2.446242	0.187147
293.900000	-1.373417	0.241701
294.000000	-1.300986	0.503329
294.100000	-0.500701	0.428762
294.200000	-2.718981	0.240918
294.300000	-1.203762	0.271076
294.400000	-2.554504	0.411362
294.500000	-1.170226	0.144586
294.600000	-2.267739	0.088599
294.700000	-1.520251	0.127756
294.800000	-2.408719	0.279463
294.900000	-1.979434	0.290482
295.000000	-2.109087	0.152892
295.100000	-2.062735	0.302460
295.200000	-1.957984	0.250229
295.300000	-2.181000	0.309438
295.400000	-2.112540	0.277567
295.500000	-2.000060	0.260185
295.600000	-1.117246	0.307622
295.700000	-2.435472	0.187036
295.800000	-2.026796	0.428184
295.900000	-1.343889	0.267931
296.000000	-2.462442	0.251524
296.100000	-1.706395	0.309218
296.200000	-2.566117	0.405977
296.300000	-2.297276	0.216233
296.400000	-2.907509	0.473929
296.500000	-1.602748	0.326757
296.600000	-2.469360	0.465942
296.700000	-2.006784	0.429015
296.800000	-2.121736	0.806610
296.900000	-2.853861	0.161170
297.000000	-1.843199	0.218777
297.100000	-2.447049	0.156191
297.200000	-1.988637	0.247339
297.300000	-2.456917	0.266101
297.400000	-1.960188	0.179561
297.500000	-2.913980	0.105785
297.600000	-2.203770	0.169751
297.700000	-3.197632	0.073575
297.800000	-2.064481	0.593870
297.900000	-3.236284	0.214357
298.000000	-1.914240	0.226517
298.100000	-2.885012	0.202023
298.200000	-2.010611	0.214535
298.300000	-3.126436	0.305321
298.400000	-2.553022	0.459322
298.500000	-2.995182	0.322982
298.600000	-2.519243	0.263445
298.700000	-2.516518	0.196426
298.800000	-2.563517	0.172555
298.900000	-3.069303	0.211647
299.000000	-3.121136	0.261259
299.100000	-2.428585	0.386423
299.200000	-2.125886	0.276620
299.300000	-3.018462	0.275098
299.400000	-2.885081	0.155051
299.500000	-3.150263	0.192215
299.600000	-3.428301	0.304049
299.700000	-2.363489	0.086366
299.800000	-2.980407	0.140697
299.900000	-3.005422	0.154579
300.000000	-3.130191	0.213200
300.100000	-3.089909	0.163095
300.200000	-2.405464	0.299820
300.300000	-3.749712	0.309868
300.400000	-2.240958	0.369906
300.500000	-3.504368	0.279300
300.600000	-3.249874	0.381360
300.700000	-2.427793	0.232170
300.800000	-3.795152	0.287744
300.900000	-2.619005	0.229285
301.000000	-3.934977	0.167472
301.100000	-2.291595	0.678456
301.200000	-0.790298	0.342333
301.300000	-3.239114	0.739459
301.400000	-4.973496	0.218260
301.500000	-3.681333	0.364256
301.600000	-3.846882	0.469678
301.700000	-3.088224	0.382751
301.800000	-2.552480	0.261743
301.900000	-3.697036	0.304964
302.000000	-3.571921	0.379324
302.100000	-3.382239	0.140160
302.200000	-3.743498	0.263024
302.300000	-3.394934	0.172474
302.400000	-3.614676	0.177616
302.500000	-4.221645	0.286953
302.600000	-4.827153	0.246942
302.700000	-4.402128	0.363590
302.800000	-4.166195	0.372221
302.900000	-4.249890	0.468318
303.000000	-3.181666	0.298319
303.100000	-3.821683	0.464839
303.200000	-4.140308	0.277768
303.300000	-4.013492	0.342353
303.400000	-4.476127	0.428369
303.500000	-4.336231	0.523670
303.600000	-3.849534	0.132143
303.700000	-4.447170	0.201529
303.800000	-3.922409	0.478953
303.900000	-3.370972	0.316296
304.000000	-3.575364	0.189911
304.100000	-4.278804	0.211328
304.200000	-4.737427	0.254071
304.300000	-4.190406	0.183088
304.400000	-4.301185	0.252494
304.500000	-4.745116	0.214888
304.600000	-4.884900	0.237494
304.700000	-4.421486	0.394632
304.800000	-4.221206	0.577907
304.900000	-4.848021	0.411436
305.000000	-4.780434	0.261536
305.100000	-4.785195	0.344083
305.200000	-4.695826	0.330539
305.300000	-4.864556	0.154048
305.400000	-5.034501	0.599683
305.500000	-4.524561	0.261064
305.600000	-5.138966	0.237907
305.700000	-5.291273	0.346880
305.800000	-4.728823	0.319822
305.900000	-5.674101	0.420277
306.000000	-5.977772	0.326687
306.100000	-5.561013	0.470558
306.200000	-4.905991	0.265770
306.300000	-5.419769	0.288418
306.400000	-5.423569	0.298959
306.500000	-5.827895	0.109725
306.600000	-6.235120	0.478209
306.700000	-5.957345	0.383903
306.800000	-5.139938	0.178612
306.900000	-5.568468	0.481986
307.000000	-6.208262	0.203349
307.100000	-4.945341	0.286363
307.200000	-5.376303	0.676117
307.300000	-6.175840	0.415056
307.400000	-5.241837	0.334383
307.500000	-5.937253	0.310005
307.600000	-6.211138	0.608445
307.700000	-5.705669	0.632579
307.800000	-5.604810	0.327781
307.900000	-6.302717	0.125480
308.000000	-5.538083	0.560782
308.100000	-6.131485	0.419862
308.200000	-6.079124	0.554059
308.300000	-5.897771	0.525319
308.400000	-6.193964	0.317389
308.500000	-6.734165	0.359650
308.600000	-5.404864	0.439633
308.700000	-6.532893	0.594436
308.800000	-5.804317	0.514888
308.900000	-6.240518	0.443035
309.000000	-6.044179	0.462590
309.100000	-6.280982	0.577933
309.200000	-5.343799	0.340801
309.300000	-5.528324	0.493364
309.400000	-5.851113	0.480001
309.500000	-6.425893	0.353463
309.600000	-7.008027	0.307433
309.700000	-7.677536	0.417719
309.800000	-7.727222	0.370228
309.900000	-7.139938	0.374398
310.000000	-7.118114	0.451318
310.100000	-6.195704	0.658099
310.200000	-5.628909	0.378184
310.300000	-5.763991	0.699278
310.400000	-6.348284	0.623031
310.500000	-6.181378	0.653280
310.600000	-6.757536	0.542466
310.700000	-6.779055	0.541324
310.800000	-6.938290	0.536170
310.900000	-7.792727	0.504321
311.000000	-7.462858	0.672683
311.100000	-6.944764	0.572745
311.200000	-6.644761	0.810957
311.300000	-6.321880	0.509790
311.400000	-7.149369	1.094139
311.500000	-7.693319	0.340236
311.600000	-7.144001	0.400285
311.700000	-7.406111	0.420344
311.800000	-7.269752	0.828155
311.900000	-7.051388	0.729589
312.000000	-6.838454	0.844839
312.100000	-7.631110	0.801218
312.200000	-8.310436	0.541207
312.300000	-6.568003	0.600401
312.400000	-6.349843	0.660102
312.500000	-6.637810	0.737178
312.600000	-7.107079	0.609297
312.700000	-7.092651	0.585391
312.800000	-7.115843	0.717042
312.900000	-7.137827	0.692439
313.000000	-7.180216	0.809858
313.100000	-7.102246	0.888004
313.200000	-7.327710	0.599582
313.300000	-7.434243	0.699584
313.400000	-6.647797	0.911053
313.500000	-7.116092	0.585225
313.600000	-6.582307	0.671631
313.700000	-6.897923	0.758707
313.800000	-7.538485	0.799747
313.900000	-7.812592	0.812535
314.000000	-7.992213	0.815548
314.100000	-7.526670	0.665983
314.200000	-7.250184	0.821214
314.300000	-7.920107	0.778572
314.400000	-7.532254	0.923946
314.500000	-8.009273	0.779695
314.600000	-8.371748	0.872142
314.700000	-8.456326	0.836531
314.800000	-8.682552	0.821263
314.900000	-8.828980	0.877818
315.000000	-7.694539	0.978394
315.100000	-7.057685	0.875972
315.200000	-7.366604	0.981187
315.300000	-8.469942	0.807553
315.400000	-8.980658	0.707241
315.500000	-8.619351	0.689822
315.600000	-9.169893	0.855225
315.700000	-8.771585	0.936728
315.800000	-8.674726	0.910607
315.900000	-8.308434	0.929934
316.000000	-8.593241	0.976065
316.100000	-9.195212	0.922808
316.200000	-9.028134	0.735200
316.300000	-8.533950	0.858035
316.400000	-8.662792	0.802424
316.500000	-9.820595	0.960403
316.600000	-9.695270	1.146954
316.700000	-11.141580	0.726255
316.800000	-10.468220	1.003168
316.900000	-10.195330	1.111062
317.000000	-10.922350	1.014117
317.100000	-11.484180	0.885281
317.200000	-11.028040	0.955996
317.300000	-10.838260	1.071106
317.400000	-10.446240	0.710432
317.500000	-11.119790	0.963350
317.600000	-11.578760	0.889705
317.700000	-10.516320	1.118259
317.800000	-10.502230	1.009460
317.900000	-11.948740	0.968002
318.000000	-11.232840	1.075372
318.100000	-10.730830	0.890241
318.200000	-10.951590	0.930143
318.300000	-12.295550	0.946031
318.400000	-11.851660	0.674691
318.500000	-10.862450	1.175293
318.600000	-11.387360	1.117308
318.700000	-11.821710	1.015900
318.800000	-11.632800	0.954839
318.900000	-11.147720	1.330803
319.000000	-11.975990	1.216444
319.100000	-11.759920	0.938767
319.200000	-11.356090	1.184402
319.300000	-11.715360	1.697848
319.400000	-12.294650	1.252454
319.500000	-12.368310	1.501226
319.600000	-12.115670	1.238908
319.700000	-12.598650	1.183030
319.800000	-13.210340	1.066759
319.900000	-13.343450	0.744046
320.000000	-12.297720	1.273307
320.100000	-13.226750	1.140596
320.200000	-13.033720	1.290406
320.300000	-12.988090	1.231873
320.400000	-12.812990	0.961907
320.500000	-12.349020	0.997475
320.600000	-12.044350	1.558015
320.700000	-13.919170	1.145122
320.800000	-12.178400	1.138139
320.900000	-11.539620	1.260643
321.000000	-12.204940	1.199438
321.100000	-13.649080	1.047352
321.200000	-12.899260	1.185919
321.300000	-12.560650	1.381153
321.400000	-12.204600	1.325849
321.500000	-14.347120	1.419606
321.600000	-14.543750	1.141820
321.700000	-14.204130	1.302686
321.800000	-14.098160	1.366088
321.900000	-13.974760	1.037867
322.000000	-13.401670	1.122903
322.100000	-13.174680	1.517786
322.200000	-13.218560	1.165757
322.300000	-13.183110	1.373781
322.400000	-13.798880	1.474556
322.500000	-13.923950	1.253809
322.600000	-13.644220	1.412669
322.700000	-12.371450	0.947371
322.800000	-12.597010	1.022205
322.900000	-13.395710	1.286488
323.000000	-12.962540	1.063287
323.100000	-13.544630	1.290112
323.200000	-14.332580	1.097759
323.300000	-13.558310	1.233985
323.400000	-13.485840	1.347757
323.500000	-14.355220	1.574124
323.600000	-14.410130	1.253262
323.700000	-14.503580	1.249836
323.800000	-14.494070	1.180513
323.900000	-15.330090	1.210161
324.000000	-14.250540	1.225525
324.100000	-15.153810	1.151102
324.200000	-15.619000	1.647965
324.300000	-15.081910	1.291380
324.400000	-16.268210	1.320998
324.500000	-16.877400	1.072510
324.600000	-15.852090	0.862974
324.700000	-16.571680	1.310500
324.800000	-16.461960	1.077336
324.900000	-16.320470	1.062976
325.000000	-15.566850	1.428207
325.000000	-15.110180	1.156701
324.900000	-15.660920	1.415175
324.800000	-15.939280	1.264004
324.700000	-16.699330	2.185103
324.600000	-17.246580	1.737569
324.500000	-17.438490	1.724365
324.400000	-18.687810	1.404674
324.300000	-17.972460	1.814876
324.200000	-16.971160	1.620526
324.100000	-17.006670	1.721596
324.000000	-17.265480	1.614795
323.900000	-16.962370	1.629909
323.800000	-15.964340	1.779606
323.700000	-16.351230	1.734349
323.600000	-15.044690	1.461871
323.500000	-14.446690	1.223588
323.400000	-13.363430	1.454423
323.300000	-12.704460	1.074628
323.200000	-13.519290	1.523913
323.100000	-12.762280	1.717425
323.000000	-12.854450	1.299801
322.900000	-11.970990	1.018733
322.800000	-13.014880	1.400797
322.700000	-13.543880	1.478663
322.600000	-13.850000	1.454601
322.500000	-13.848830	1.385564
322.400000	-13.453330	1.358803
322.300000	-14.347750	1.192486
322.200000	-13.348290	1.478843
322.100000	-13.794820	1.434592
322.000000	-13.424670	1.343404
321.900000	-13.412360	1.469390
321.800000	-12.921990	1.326095
321.700000	-13.109620	1.325316
321.600000	-13.068040	1.192177
321.500000	-13.202730	1.542948
321.400000	-13.663690	1.157545
321.300000	-13.838830	1.300468
321.200000	-12.371040	1.932274
321.100000	-11.945780	1.310534
321.000000	-11.064340	1.329158
320.900000	-11.483920	1.113217
320.800000	-10.817460	0.928025
320.700000	-12.290020	1.781330
320.600000	-12.940460	1.278450
320.500000	-12.372310	1.245530
320.400000	-10.572190	0.896251
320.300000	-12.539640	0.882995
320.200000	-12.229460	1.142169
320.100000	-12.894010	1.017093
320.000000	-12.378050	1.016237
319.900000	-12.522800	1.080797
319.800000	-11.981890	1.102977
319.700000	-11.968170	1.161345
319.600000	-12.209510	1.013584
319.500000	-12.770700	0.996591
319.400000	-11.204630	1.351075
319.300000	-11.172200	0.800030
319.200000	-11.514770	1.001141
319.100000	-11.155050	1.237175
319.000000	-11.667170	1.281487
318.900000	-11.906960	1.243879
318.800000	-11.726800	1.183910
318.700000	-11.344620	1.251240
318.600000	-10.751710	1.000049
318.500000	-10.909260	1.129300
318.400000	-10.899890	1.067793
318.300000	-11.812680	1.099030
318.200000	-10.839350	1.195136
318.100000	-10.782490	1.341406
318.000000	-11.506280	1.162968
317.900000	-10.699620	1.026822
317.800000	-11.267030	1.253507
317.700000	-10.904870	0.925280
317.600000	-10.154920	1.281567
317.500000	-9.345884	0.982428
317.400000	-10.504050	1.334266
317.300000	-11.430880	1.242645
317.200000	-10.169220	1.165812
317.100000	-10.632150	1.444731
317.000000	-10.587820	0.695474
316.900000	-10.057440	1.092165
316.800000	-9.990365	0.762153
316.700000	-10.720940	0.958843
316.600000	-10.754410	0.868468
316.500000	-9.839013	1.198493
316.400000	-10.018470	0.810643
316.300000	-9.869103	1.099321
316.200000	-9.570822	0.585493
316.100000	-8.892207	0.866114
316.000000	-8.909876	0.843532
315.900000	-9.208320	0.779417
315.800000	-9.028799	0.792520
315.700000	-9.094075	0.980569
315.600000	-9.978280	1.001319
315.500000	-9.540965	0.832638
315.400000	-8.438245	0.889718
315.300000	-9.026691	0.708090
315.200000	-8.914577	0.950589
315.100000	-8.701926	0.854673
315.000000	-9.868070	0.813865
314.900000	-9.577895	0.857689
314.800000	-8.945894	0.442936
314.700000	-9.295063	0.828856
314.600000	-9.078189	0.970714
314.500000	-7.958224	0.808952
314.400000	-8.641158	0.672767
314.300000	-8.758955	0.967137
314.200000	-7.882086	1.059467
314.100000	-7.966147	0.920488
314.000000	-8.450827	0.728164
313.900000	-8.585547	0.748979
313.800000	-8.033889	0.665886
313.700000	-7.001389	0.685421
313.600000	-6.901067	0.610367
313.500000	-6.876316	0.756987
313.400000	-6.912252	0.815339
313.300000	-7.915653	0.617556
313.200000	-7.514031	0.875062
313.100000	-6.643039	0.646602
313.000000	-6.476944	0.715332
312.900000	-7.092897	0.653540
312.800000	-7.279822	0.612167
312.700000	-6.651762	0.694131
312.600000	-6.712368	0.562622
312.500000	-6.604316	0.684630
312.400000	-7.469847	0.728112
312.300000	-6.835719	0.701961
312.200000	-6.792021	0.786538
312.100000	-6.489517	0.793044
312.000000	-6.684801	0.710577
311.900000	-6.248266	0.518728
311.800000	-6.346105	0.551543
311.700000	-6.986778	0.463978
311.600000	-6.758365	0.737771
311.500000	-7.216134	0.683062
311.400000	-7.490597	0.723796
311.300000	-7.067181	0.590230
311.200000	-6.872273	0.856343
311.100000	-6.735235	0.413274
311.000000	-7.237179	0.404927
310.900000	-6.740524	0.263874
310.800000	-6.611478	0.599455
310.700000	-8.524552	0.910690
