#lab INRiM
#hv keithley6487
#s PECVD_FE_INRIM_001
#t 2.7 
#d 0.5
#N 20
#dbm 1
#
#Voltage	Current	SD
#V	pA	pA
250.000000	-66.432620	2.742232
249.900000	-62.882820	1.329315
249.800000	-65.312220	1.803442
249.700000	-63.090240	1.662967
249.600000	-61.884190	1.257269
249.500000	-62.440030	0.969340
249.400000	-62.243330	1.070014
249.300000	-66.267910	9.579738
249.200000	-76.436550	10.349970
249.100000	-67.336980	2.909190
249.000000	-68.223290	1.502760
248.900000	-65.728710	2.216841
248.800000	-68.736500	1.767630
248.700000	-69.835260	7.891565
248.600000	-78.007970	2.057540
248.500000	-75.139670	2.563928
248.400000	-73.925970	1.506201
248.300000	-74.099050	2.307797
248.200000	-72.515040	2.176629
248.100000	-73.672690	2.139614
248.000000	-73.315760	2.511945
247.900000	-71.614250	2.343399
247.800000	-71.617020	1.617109
247.700000	-68.018480	2.758293
247.600000	-69.463750	2.553030
247.500000	-68.620230	1.730351
247.400000	-66.269920	1.460830
247.300000	-64.957290	1.494745
247.200000	-63.995160	1.187159
247.100000	-63.942390	2.434884
247.000000	-60.414640	2.632444
246.900000	-61.507720	2.059725
246.800000	-60.735250	2.645926
246.700000	-59.276310	2.919591
246.600000	-57.411770	2.871721
246.500000	-57.268740	2.131597
246.400000	-56.991710	2.016448
246.300000	-57.966290	1.587688
246.200000	-55.779170	2.585595
246.100000	-56.694580	2.178373
246.000000	-55.831010	2.830404
245.900000	-57.319490	1.647127
245.800000	-56.359990	2.042302
245.700000	-52.544750	1.991212
245.600000	-51.486830	1.811833
245.500000	-49.744750	2.473233
245.400000	-53.539120	2.356671
245.300000	-50.603180	2.978212
245.200000	-50.037200	2.364402
245.100000	-48.743870	1.573385
245.000000	-45.478940	1.874703
244.900000	-44.615600	2.003357
244.800000	-45.842430	1.823319
244.700000	-42.843340	1.959254
244.600000	-44.318380	1.667522
244.500000	-43.964040	2.144118
244.400000	-42.986170	1.884119
244.300000	-44.531230	2.098615
244.200000	-42.939020	1.993018
244.100000	-39.535240	2.036878
244.000000	-39.014290	1.555882
243.900000	-37.939690	1.564408
243.800000	-40.013930	1.920659
243.700000	-37.367500	1.891509
243.600000	-37.798620	2.153802
243.500000	-34.056940	1.343787
243.400000	-33.573940	1.437643
243.300000	-32.381060	1.339873
243.200000	-32.813590	1.310693
243.100000	-30.276430	1.013465
243.000000	-30.615230	1.628988
242.900000	-32.818980	1.721214
242.800000	-31.503820	1.825561
242.700000	-31.686060	1.708160
242.600000	-31.185000	1.578641
242.500000	-29.130320	1.827729
242.400000	-30.408640	1.318587
242.300000	-30.080980	1.210413
242.200000	-28.492280	1.297563
242.100000	-27.200360	1.516978
242.000000	-26.399350	0.906150
241.900000	-27.427530	1.628660
241.800000	-25.656580	1.057346
241.700000	-27.825030	1.897704
241.600000	-27.042170	1.542413
241.500000	-26.144040	1.583690
241.400000	-24.932550	1.324943
241.300000	-25.109970	1.749424
241.200000	-24.528040	1.319259
241.100000	-26.848500	1.720612
241.000000	-25.748860	0.655119
240.900000	-25.197790	1.420151
240.800000	-25.259850	1.254098
240.700000	-23.889420	1.416148
240.600000	-23.201850	1.793615
240.500000	-24.282070	0.836918
240.400000	-23.112310	1.068638
240.300000	-24.295910	0.866552
240.200000	-22.959380	1.453496
240.100000	-23.088480	1.259824
240.000000	-21.655230	0.960944
239.900000	-23.915520	1.498887
239.800000	-23.313540	1.238838
239.700000	-23.530490	0.969412
239.600000	-22.037810	1.391240
239.500000	-23.611320	1.305412
239.400000	-22.784410	1.289812
239.300000	-21.018370	1.252579
239.200000	-19.530100	0.683105
239.100000	-22.195620	0.915234
239.000000	-21.520710	1.526812
238.900000	-22.189450	0.819371
238.800000	-21.010660	0.918943
238.700000	-19.998480	1.602132
238.600000	-19.416280	1.506838
238.500000	-20.967840	0.672257
238.400000	-19.982350	0.660295
238.300000	-20.674520	0.818134
238.200000	-20.878250	0.714220
238.100000	-19.001640	1.217525
238.000000	-19.386550	0.893205
237.900000	-18.593070	0.824367
237.800000	-18.390260	0.592922
237.700000	-17.922140	0.780170
237.600000	-17.392880	0.889907
237.500000	-17.843510	0.700749
237.400000	-16.322730	1.000393
237.300000	-16.818970	0.933111
237.200000	-16.206980	0.734385
237.100000	-16.022510	0.796344
237.000000	-15.861130	1.046419
236.900000	-16.548440	0.542751
236.800000	-15.995480	0.576998
236.700000	-16.570210	0.665578
236.600000	-16.268680	0.624170
236.500000	-16.396120	0.667207
236.400000	-16.343700	0.664413
236.300000	-15.992000	0.826774
236.200000	-14.595400	0.761070
236.100000	-14.198070	0.531016
236.000000	-15.320750	0.616197
235.900000	-14.737120	0.843730
235.800000	-14.378550	0.400865
235.700000	-13.743360	0.407809
235.600000	-13.994020	0.472062
235.500000	-13.868060	0.946806
235.400000	-14.397390	0.528948
235.300000	-13.732920	0.427315
235.200000	-13.525790	0.500928
235.100000	-13.819420	0.644319
235.000000	-14.259730	0.480196
234.900000	-13.946290	0.578560
234.800000	-13.193690	0.647601
234.700000	-12.867870	0.797157
234.600000	-12.323580	0.543101
234.500000	-12.068440	0.431480
234.400000	-11.898050	0.536036
234.300000	-12.284050	0.485811
234.200000	-11.727960	0.416797
234.100000	-11.815980	0.632814
234.000000	-12.246510	0.721969
233.900000	-11.596610	0.545756
233.800000	-11.595830	0.490052
233.700000	-11.343070	0.588365
233.600000	-11.533900	0.599381
233.500000	-11.004830	0.374733
233.400000	-11.407550	1.725429
233.300000	-11.174950	0.512368
233.200000	-10.839330	0.585507
233.100000	-11.048110	0.602432
233.000000	-10.868040	0.535071
232.900000	-11.580450	0.588964
232.800000	-11.186710	0.496692
232.700000	-10.919810	0.563509
232.600000	-10.654610	0.461240
232.500000	-10.043650	0.631453
232.400000	-10.310330	0.669982
232.300000	-10.110400	0.546172
232.200000	-9.571521	0.539746
232.100000	-9.743835	0.498180
232.000000	-9.908669	0.544644
231.900000	-9.657192	0.673494
231.800000	-9.756551	0.564062
231.700000	-10.251420	0.520003
231.600000	-10.304550	0.488278
231.500000	-9.761809	0.750914
231.400000	-10.024400	0.579554
231.300000	-9.689584	0.462062
231.200000	-9.651795	0.453423
231.100000	-9.483705	0.600592
231.000000	-9.332715	0.548109
230.900000	-8.930093	0.668006
230.800000	-8.357873	0.476561
230.700000	-7.989136	0.524288
230.600000	-7.876239	0.494191
230.500000	-7.775550	0.420550
230.400000	-7.735522	0.430992
230.300000	-7.671203	0.472238
230.200000	-7.569390	0.449214
230.100000	-7.457836	0.501400
230.000000	-7.520554	0.536173
229.900000	-7.597458	0.519279
229.800000	-7.455950	0.513336
229.700000	-7.472305	0.560231
229.600000	-7.360693	0.601747
229.500000	-7.272439	0.624936
229.400000	-7.454248	0.589058
229.300000	-7.381892	0.562020
229.200000	-7.405199	0.618786
229.100000	-7.343809	0.611394
229.000000	-7.257844	0.731598
228.900000	-7.225690	0.613036
228.800000	-6.884741	0.603090
228.700000	-6.800286	0.635321
228.600000	-6.986846	0.649104
228.500000	-6.883848	0.647035
228.400000	-6.884202	0.595065
228.300000	-6.856791	0.592797
228.200000	-7.331178	0.568859
228.100000	-7.118250	0.745237
228.000000	-7.077542	0.545072
227.900000	-6.956820	0.606890
227.800000	-6.792532	0.587750
227.700000	-6.532552	0.579682
227.600000	-6.382725	0.538092
227.500000	-6.313268	0.650925
227.400000	-6.064639	0.621940
227.300000	-6.134389	0.577532
227.200000	-6.240680	0.562829
227.100000	-6.111547	0.646435
227.000000	-5.949266	0.548361
226.900000	-5.898628	0.497052
226.800000	-5.947360	0.515402
226.700000	-6.018641	0.436640
226.600000	-5.689589	0.491655
226.500000	-5.599084	0.536090
226.400000	-5.528575	0.536263
226.300000	-5.457882	0.514226
226.200000	-5.398316	0.482663
226.100000	-5.382721	0.546808
226.000000	-5.283137	0.480441
225.900000	-5.168606	0.564004
225.800000	-5.178486	0.501193
225.700000	-5.152097	0.481469
225.600000	-5.083502	0.545052
225.500000	-5.136967	0.432462
225.400000	-4.922193	0.592711
225.300000	-5.065736	0.497644
225.200000	-4.877098	0.506695
225.100000	-4.807460	0.575052
225.000000	-4.715791	0.518269
224.900000	-4.700559	0.501069
224.800000	-4.665233	0.484927
224.700000	-4.559296	0.559607
224.600000	-4.579847	0.501417
224.500000	-4.529827	0.472077
224.400000	-4.660348	0.410735
224.300000	-4.524882	0.458802
224.200000	-3.995792	0.554217
224.100000	-4.200907	0.537829
224.000000	-4.164314	0.432825
223.900000	-4.020700	0.514486
223.800000	-4.189688	0.450537
223.700000	-4.133751	0.519737
223.600000	-4.081967	0.523124
223.500000	-4.055519	0.510064
223.400000	-4.001040	0.554010
223.300000	-3.765088	0.523394
223.200000	-3.884108	0.472879
223.100000	-3.650779	0.549259
223.000000	-3.935809	0.462224
222.900000	-3.924945	0.466766
222.800000	-3.793045	0.481793
222.700000	-3.608967	0.481789
222.600000	-3.504377	0.445373
222.500000	-3.642539	0.434907
222.400000	-3.584006	0.404749
222.300000	-3.589023	0.453843
222.200000	-3.551113	0.447981
222.100000	-3.483612	0.468535
222.000000	-3.459758	0.456395
221.900000	-3.419406	0.507908
221.800000	-3.358188	0.487923
221.700000	-3.249373	0.534833
221.600000	-3.276298	0.492245
221.500000	-3.183078	0.471992
221.400000	-3.204986	0.414483
221.300000	-3.116175	0.451640
221.200000	-3.040172	0.425607
221.100000	-3.125528	0.490487
221.000000	-2.992868	0.450497
220.900000	-3.038104	0.499603
220.800000	-2.985795	0.499321
220.700000	-3.020958	0.477235
220.600000	-2.996049	0.494231
220.500000	-2.957238	0.465633
220.400000	-2.927201	0.517206
220.300000	-2.892017	0.509910
220.200000	-2.794004	0.558790
220.100000	-2.713441	0.524306
220.000000	-2.670029	0.549450
219.900000	-2.657564	0.527986
219.800000	-2.586659	0.545059
219.700000	-2.546053	0.482463
219.600000	-2.501272	0.491092
219.500000	-2.584612	0.536411
219.400000	-2.597218	0.528289
219.300000	-2.628409	0.476193
219.200000	-2.536953	0.531752
219.100000	-2.411610	0.477695
219.000000	-2.470355	0.467402
218.900000	-2.417771	0.459844
218.800000	-2.350422	0.468102
218.700000	-2.292194	0.479236
218.600000	-2.333276	0.513533
218.500000	-2.290867	0.519602
218.400000	-2.266323	0.545755
218.300000	-2.501172	1.600821
218.200000	-2.614642	2.871625
218.100000	-1.557279	4.378021
218.000000	-2.226000	3.984929
217.900000	-2.330793	3.895044
217.800000	-2.179838	4.437970
217.700000	-1.519969	4.952188
217.600000	-1.631628	4.918261
217.500000	-1.928112	3.811555
217.400000	-2.222742	3.877387
217.300000	-1.864410	3.863396
217.200000	-1.780309	3.673048
217.100000	-1.611765	3.384651
217.000000	-1.770168	3.481037
216.900000	-1.911951	3.306484
216.800000	-1.968622	3.063290
216.700000	-1.825012	3.065911
216.600000	-1.641076	3.009778
216.500000	-1.519711	2.781897
216.400000	-1.559301	2.779936
216.300000	-1.701634	2.764501
216.200000	-1.898270	2.571829
216.100000	-1.783710	2.580945
216.000000	-1.546887	2.480105
215.900000	-1.617395	2.442108
215.800000	-1.767454	2.200946
215.700000	-1.499499	2.312783
215.600000	-1.431397	2.129667
215.500000	-1.584604	2.127462
215.400000	-1.563860	2.080305
215.300000	-1.346048	2.053101
215.200000	-1.409272	2.089685
215.100000	-1.571323	1.924487
215.000000	-1.358026	1.958187
214.900000	-1.248886	1.845601
214.800000	-1.417103	1.896799
214.700000	-1.371045	1.843128
214.600000	-1.191819	1.760176
214.500000	-1.235674	1.704004
214.400000	-1.392560	1.636264
214.300000	-1.253801	1.631181
214.200000	-1.271445	1.622732
214.100000	-1.395747	1.466970
214.000000	-1.193089	1.546842
213.900000	-1.137558	1.493068
213.800000	-1.295061	1.434748
213.700000	-1.236866	1.445469
213.600000	-1.104762	1.344553
213.500000	-1.185204	1.423435
213.400000	-1.176162	1.325978
213.300000	-1.063021	1.272455
213.200000	-1.104923	1.291227
213.100000	-1.110770	1.275011
213.000000	-1.016720	1.163086
212.900000	-1.117296	1.167227
212.800000	-1.138014	1.075585
212.700000	-0.999600	1.083810
212.600000	-1.104187	1.026396
212.500000	-0.964607	0.996489
212.400000	-0.955335	1.000320
212.300000	-1.019652	0.940682
212.200000	-0.899946	0.950945
212.100000	-0.998535	0.884877
212.000000	-0.959631	0.905488
211.900000	-0.932241	0.874555
211.800000	-0.976088	0.868877
211.700000	-0.885929	0.840535
211.600000	-0.838424	0.863595
211.500000	-0.871357	0.832692
211.400000	-0.863655	0.784745
211.300000	-0.822807	0.783606
211.200000	-0.757130	0.735849
211.100000	-0.786031	0.733689
211.000000	-0.773941	0.695955
210.900000	-0.772341	0.645767
210.800000	-0.737268	0.616647
210.700000	-0.764839	0.634028
210.600000	-0.710686	0.648993
210.500000	-0.682160	0.649885
210.400000	-0.697796	0.623709
210.300000	-0.625900	0.654333
210.200000	-0.549391	0.610191
210.100000	-0.447054	0.663832
210.000000	-0.403203	0.566086
209.900000	-0.265717	0.611699
209.800000	-0.233409	0.571322
209.700000	-0.133858	0.591821
209.600000	-0.121152	0.569000
209.500000	-0.130444	0.560315
209.400000	-0.098777	0.571722
209.300000	-0.027429	0.570175
209.200000	-0.045720	0.587651
209.100000	-0.087164	0.567161
209.000000	-0.033815	0.576342
208.900000	0.021170	0.564475
208.800000	-0.001805	0.643253
208.700000	0.015242	0.554922
208.600000	-0.050056	0.534948
208.500000	-0.021237	0.555370
208.400000	0.031444	0.604248
208.300000	-0.000367	0.660106
208.200000	0.010637	0.655373
208.100000	0.040722	0.684414
208.000000	0.016049	0.657232
207.900000	0.011125	0.651999
207.800000	0.057519	0.525918
207.700000	0.041891	0.598201
207.600000	0.051903	0.605089
207.500000	0.044515	0.619682
