#lab INRiM
#hv keithley6487
#s PECVD_FE_INRIM_001
#t 2.( 
#d 0.5
#N 20
#dbm 3
#
#Voltage	Current	SD
#V	pA	pA
205.000000	0.052671	0.089795
205.200000	0.114098	0.099092
205.400000	0.144619	0.104339
205.600000	0.129537	0.199579
205.800000	0.143441	0.154498
206.000000	0.167932	0.174073
206.200000	0.137810	0.085948
206.400000	0.157224	0.115637
206.600000	0.139035	0.110363
206.800000	0.178261	0.061390
207.000000	0.122742	0.106812
207.200000	0.152836	0.103528
207.400000	0.158742	0.156860
207.600000	0.157984	0.095875
207.800000	0.147961	0.130366
208.000000	0.145173	0.185391
208.200000	0.172665	0.149528
208.400000	0.144110	0.148897
208.600000	0.152258	0.135460
208.800000	0.154598	0.159321
209.000000	0.116151	0.187071
209.200000	0.159684	0.196598
209.400000	0.141488	0.099895
209.600000	0.160335	0.090747
209.800000	0.170974	0.109030
210.000000	0.125577	0.152113
210.200000	0.170518	0.129768
210.400000	0.148751	0.132734
210.600000	0.157658	0.151987
210.800000	0.152613	0.118331
211.000000	0.170984	0.117988
211.200000	0.165906	0.160119
211.400000	0.161527	0.194193
211.600000	0.179939	0.212912
211.800000	0.116203	0.163012
212.000000	0.162905	0.181022
212.200000	0.130318	0.182475
212.400000	0.146606	0.073108
212.600000	0.159159	0.121382
212.800000	0.166484	0.151716
213.000000	0.143105	0.195704
213.200000	0.151213	0.165160
213.400000	0.164812	0.138028
213.600000	0.131284	0.094390
213.800000	0.165604	0.098068
214.000000	0.132285	0.154941
214.200000	0.160586	0.165375
214.400000	0.157161	0.149689
214.600000	0.170271	0.205835
214.800000	0.117380	0.130949
215.000000	0.182766	0.195062
215.200000	0.124514	0.115199
215.400000	0.155812	0.209950
215.600000	0.145833	0.154729
215.800000	0.169380	0.191660
216.000000	0.127077	0.138993
216.200000	0.171513	0.070423
216.400000	0.124211	0.109818
216.600000	0.162431	0.139708
216.800000	0.125730	0.126063
217.000000	0.176366	0.093333
217.200000	0.132780	0.182992
217.400000	0.147980	0.172444
217.600000	0.154951	0.172237
217.800000	0.142103	0.178853
218.000000	0.149267	0.177679
218.200000	0.148213	0.184932
218.400000	0.146381	0.121984
218.600000	0.134383	0.140630
218.800000	0.150476	0.092120
219.000000	0.138314	0.145308
219.200000	0.134566	0.131446
219.400000	0.154142	0.162287
219.600000	0.109006	0.223365
219.800000	0.140460	0.221523
220.000000	0.122234	0.134460
220.200000	0.146067	0.127850
220.400000	0.158126	0.094594
220.600000	0.130776	0.115339
220.800000	0.159309	0.183543
221.000000	0.097607	0.219722
221.200000	0.168075	0.153909
221.400000	0.103334	0.174732
221.600000	0.150628	0.080230
221.800000	0.109556	0.177589
222.000000	0.139569	0.195023
222.200000	0.117378	0.175875
222.400000	0.142633	0.077153
222.600000	0.114957	0.151983
222.800000	0.120806	0.111797
223.000000	0.127281	0.089345
223.200000	0.107633	0.114365
223.400000	0.100246	0.097612
223.600000	0.114918	0.115620
223.800000	0.121371	0.169661
224.000000	0.096486	0.112652
224.200000	0.096455	0.137301
224.400000	0.122945	0.082149
224.600000	0.094612	0.101995
224.800000	0.106428	0.087903
225.000000	0.091844	0.144427
225.200000	0.106347	0.080396
225.400000	0.106914	0.080791
225.600000	0.092695	0.136264
225.800000	0.105493	0.141887
226.000000	0.106192	0.149116
226.200000	0.075541	0.104625
226.400000	0.082701	0.216669
226.600000	0.086240	0.140651
226.800000	0.091307	0.132574
227.000000	0.103041	0.136653
227.200000	0.049053	0.116965
227.400000	0.096615	0.185560
227.600000	0.048556	0.123435
227.800000	0.043009	0.205584
228.000000	0.080423	0.162119
228.200000	0.047662	0.177967
228.400000	0.053927	0.102028
228.600000	0.056754	0.096270
228.800000	0.065954	0.130856
229.000000	0.005498	0.164274
229.200000	0.035900	0.111388
229.400000	0.024508	0.165783
229.600000	0.032846	0.219780
229.800000	0.049883	0.109050
230.000000	0.001426	0.118694
230.200000	-0.001099	0.190815
230.400000	0.018994	0.201428
230.600000	0.015693	0.154640
230.800000	-0.027912	0.165909
231.000000	0.002581	0.122255
231.200000	-0.005973	0.167824
231.400000	-0.015031	0.138070
231.600000	-0.037841	0.098830
231.800000	-0.015861	0.052908
232.000000	-0.034994	0.128088
232.200000	-0.035126	0.146172
232.400000	-0.047437	0.085153
232.600000	-0.072285	0.147506
232.800000	-0.055048	0.122300
233.000000	-0.093586	0.123590
233.200000	-0.063905	0.145528
233.400000	-0.111259	0.097461
233.600000	-0.086585	0.204470
233.800000	-0.119863	0.166256
234.000000	-0.137474	0.121750
234.200000	-0.126166	0.171312
234.400000	-0.147618	0.218649
234.600000	-0.144051	0.122540
234.800000	-0.177066	0.090099
235.000000	-0.165169	0.123641
235.200000	-0.187048	0.108555
235.400000	-0.183116	0.122497
235.600000	-0.192662	0.187729
235.800000	-0.242519	0.161206
236.000000	-0.248417	0.154646
236.200000	-0.245133	0.097448
236.400000	-0.246451	0.119051
236.600000	-0.267032	0.138707
236.800000	-0.286336	0.094318
237.000000	-0.287816	0.068031
237.200000	-0.331816	0.128802
237.400000	-0.347938	0.140421
237.600000	-0.343844	0.121561
237.800000	-0.377001	0.095603
238.000000	-0.381409	0.106972
238.200000	-0.420160	0.135376
238.400000	-0.415438	0.246554
238.600000	-0.477384	0.137437
238.800000	-0.440346	0.180027
239.000000	-0.506599	0.216525
239.200000	-0.485481	0.155535
239.400000	-0.539341	0.178420
239.600000	-0.532237	0.170455
239.800000	-0.595714	0.198210
240.000000	-0.593870	0.115495
240.200000	-0.626611	0.158061
240.400000	-0.640231	0.183316
240.600000	-0.644122	0.241503
240.800000	-0.692175	0.071142
241.000000	-0.696026	0.133078
241.200000	-0.768035	0.100709
241.400000	-0.772332	0.177128
241.600000	-0.813383	0.118453
241.800000	-0.850634	0.223843
242.000000	-0.859268	0.173235
242.200000	-0.899893	0.163346
242.400000	-0.960999	0.208329
242.600000	-0.951524	0.161406
242.800000	-1.006144	0.222960
243.000000	-1.064777	0.219044
243.200000	-1.104510	0.204745
243.400000	-1.125649	0.247926
243.600000	-1.184403	0.195695
243.800000	-1.193027	0.240419
244.000000	-1.263252	0.133732
244.200000	-1.316656	0.209026
244.400000	-1.370790	0.138309
244.600000	-1.390469	0.170637
244.800000	-1.465883	0.116205
245.000000	-1.482259	0.065684
245.200000	-1.575478	0.174541
245.400000	-1.588296	0.205355
245.600000	-1.692773	0.265260
245.800000	-1.704204	0.113941
246.000000	-1.805976	0.201638
246.200000	-1.812350	0.069561
246.400000	-1.914648	0.122839
246.600000	-1.926626	0.065481
246.800000	-2.025124	0.091720
247.000000	-2.100943	0.171785
247.200000	-2.134110	0.194153
247.400000	-2.227846	0.204354
247.600000	-2.252693	0.159293
247.800000	-2.386031	0.089319
248.000000	-2.416310	0.230227
248.200000	-2.539878	0.119347
248.400000	-2.572134	0.166501
248.600000	-2.670704	0.114316
248.800000	-2.736318	0.137584
249.000000	-2.814225	0.202012
249.200000	-2.896438	0.132983
249.400000	-3.011100	0.182129
249.600000	-3.086260	0.190537
249.800000	-3.166934	0.168873
250.000000	-3.284281	0.087511
250.200000	-3.359431	0.168226
250.400000	-3.480365	0.189416
250.600000	-3.536738	0.172772
250.800000	-3.669377	0.239731
251.000000	-3.767074	0.218794
251.200000	-3.878847	0.200334
251.400000	-3.982280	0.182033
251.600000	-4.109375	0.150318
251.800000	-4.189280	0.243587
252.000000	-4.307233	0.127552
252.200000	-4.430417	0.179396
252.400000	-4.563075	0.140453
252.600000	-4.725749	0.180726
252.800000	-4.809310	0.058278
253.000000	-4.971326	0.172779
253.200000	-5.078103	0.102857
253.400000	-5.252521	0.072367
253.600000	-5.373415	0.170995
253.800000	-5.510998	0.114166
254.000000	-5.663549	0.176692
254.200000	-5.854323	0.198389
254.400000	-5.965317	0.133153
254.600000	-6.160671	0.207327
254.800000	-6.265401	0.166349
255.000000	-6.481113	0.157529
255.200000	-6.607155	0.137557
255.400000	-6.810517	0.188010
255.600000	-6.994764	0.176654
255.800000	-7.180716	0.190087
256.000000	-7.336398	0.219747
256.200000	-7.510208	0.147239
256.400000	-7.737545	0.207349
256.600000	-7.903929	0.116227
256.800000	-8.142806	0.167232
257.000000	-8.298863	0.150221
257.200000	-8.558362	0.158004
257.400000	-8.733998	0.088542
257.600000	-8.986283	0.158961
257.800000	-9.167997	0.165379
258.000000	-9.443449	0.216344
258.200000	-9.662527	0.162761
258.400000	-9.907903	0.199148
258.600000	-10.121630	0.266814
258.800000	-10.421520	0.212234
259.000000	-10.670060	0.232006
259.200000	-10.904490	0.197545
259.400000	-11.187790	0.164269
259.600000	-11.416690	0.130749
259.800000	-11.752140	0.074049
260.000000	-11.986790	0.121194
260.200000	-12.319770	0.070017
260.400000	-12.596020	0.139093
260.600000	-12.928780	0.081233
260.800000	-13.213880	0.111519
261.000000	-13.508640	0.177992
261.200000	-13.876110	0.222074
261.400000	-14.188990	0.171305
261.600000	-14.538710	0.150961
261.800000	-14.868260	0.169135
262.000000	-15.244830	0.122755
262.200000	-15.571920	0.170838
262.400000	-15.977080	0.206990
262.600000	-16.334900	0.124296
262.800000	-16.724330	0.185132
263.000000	-17.120320	0.133678
263.200000	-17.501460	0.127389
263.400000	-17.940580	0.160493
263.600000	-18.307940	0.106582
263.800000	-18.770350	0.151480
264.000000	-19.186910	0.134300
264.200000	-19.636520	0.162410
264.400000	-20.091630	0.165964
264.600000	-20.550180	0.169063
264.800000	-20.986550	0.161081
265.000000	-21.464050	0.120843
